max_syn_length	min_syn_length	avg_syn_length
16	0	5.2
20	0	3.608695652173913
25	0	4.6
24	2	8.625
14	0	4.958333333333333
9	0	2.3333333333333335
75	0	16.68421052631579
25	0	7.846153846153846
22	0	6.421052631578948
36	0	6.636363636363637
37	0	6.222222222222222
18	0	3.5625
37	0	7.583333333333333
16	0	4.0476190476190474
13	0	4.9
14	0	4.785714285714286
37	0	5.590909090909091
30	0	6.714285714285714
12	0	3.4545454545454546
21	0	5.2
16	0	6.142857142857143
37	0	5.423076923076923
24	0	8.428571428571429
4	0	0.36363636363636365
43	0	10.444444444444445
34	0	5.92
20	0	2.7222222222222223
52	0	12.857142857142858
36	0	3.88
39	0	9.807692307692308
14	0	4.7727272727272725
34	0	8.875
17	0	8.454545454545455
37	0	5.894736842105263
14	0	4.238095238095238
42	0	4.956521739130435
13	0	4.1
41	0	8.045454545454545
34	0	6.0
16	0	5.411764705882353
14	0	3.5
19	0	5.517241379310345
41	0	5.6875
36	0	7.0625
12	0	2.9
0	0	0.0
13	0	3.411764705882353
6	0	1.736842105263158
14	0	3.4285714285714284
16	0	5.428571428571429
36	0	8.15
52	0	7.466666666666667
24	0	8.578947368421053
7	3	4.25
38	0	8.5
14	0	5.0476190476190474
22	0	6.2
37	0	5.2
50	0	6.380952380952381
27	0	7.181818181818182
20	0	4.481481481481482
36	0	5.65
37	0	5.45
18	0	5.571428571428571
51	0	6.933333333333334
19	0	4.392857142857143
14	0	5.888888888888889
37	0	7.833333333333333
14	0	3.473684210526316
12	0	3.176470588235294
20	0	5.714285714285714
14	0	3.0625
16	0	3.111111111111111
18	0	2.1904761904761907
25	0	4.823529411764706
10	0	4.0
15	0	5.043478260869565
20	0	5.0
21	0	5.619047619047619
51	0	13.25
22	0	4.4
52	0	8.421052631578947
17	0	4.75
52	0	8.0625
75	0	15.666666666666666
34	0	7.2
50	0	12.285714285714286
18	0	4.4
8	0	2.0
21	0	9.11111111111111
34	0	7.764705882352941
20	0	5.809523809523809
27	0	6.384615384615385
22	0	4.65
28	0	4.1923076923076925
19	0	4.5625
21	0	5.923076923076923
21	0	4.4
19	0	8.285714285714286
35	0	7.25
34	0	7.352941176470588
36	0	7.857142857142857
36	0	4.625
20	0	4.588235294117647
20	0	5.230769230769231
50	0	7.333333333333333
45	0	6.75
20	0	5.142857142857143
35	0	5.793103448275862
20	0	8.666666666666666
44	0	6.666666666666667
9	0	3.0
44	0	6.642857142857143
19	0	2.9375
22	0	6.777777777777778
9	0	4.666666666666667
18	0	4.909090909090909
36	0	10.571428571428571
7	0	2.0
14	0	2.95
19	0	2.7857142857142856
34	0	4.44
30	0	5.0
28	0	8.0
10	0	2.4
11	0	4.1875
13	0	3.7222222222222223
36	0	5.928571428571429
16	0	3.3333333333333335
37	0	11.6
15	0	2.7857142857142856
27	0	8.25
7	0	2.625
20	0	4.583333333333333
35	0	4.909090909090909
16	0	4.85
14	0	4.4375
20	0	5.608695652173913
27	0	4.625
4	0	1.3333333333333333
34	0	8.944444444444445
37	0	6.785714285714286
44	0	6.333333333333333
13	0	3.25
15	0	1.8
25	0	3.619047619047619
6	0	2.75
23	0	7.041666666666667
37	0	7.7368421052631575
70	0	11.5
29	0	5.705882352941177
34	0	6.133333333333334
37	0	6.481481481481482
35	0	8.4
20	0	3.4166666666666665
52	0	6.916666666666667
12	0	1.7777777777777777
22	0	6.535714285714286
13	0	2.6666666666666665
16	0	4.291666666666667
33	0	7.777777777777778
10	0	3.235294117647059
22	0	4.9375
50	0	10.882352941176471
10	0	2.8181818181818183
19	0	3.65
14	0	4.5
15	0	4.217391304347826
22	0	5.444444444444445
29	0	8.333333333333334
10	0	2.909090909090909
14	0	5.0
17	0	4.235294117647059
16	0	3.4
7	0	2.263157894736842
51	0	7.722222222222222
13	0	5.909090909090909
14	1	5.666666666666667
14	0	3.1666666666666665
52	0	6.076923076923077
35	0	6.714285714285714
19	0	9.444444444444445
36	0	8.0
22	0	7.0
8	0	2.5454545454545454
13	0	2.9
22	0	4.75
52	0	7.32
13	0	3.9583333333333335
24	0	6.111111111111111
12	0	4.666666666666667
19	0	5.071428571428571
36	0	8.473684210526315
17	0	3.625
24	0	6.461538461538462
14	0	4.2727272727272725
35	0	5.3076923076923075
15	0	2.4444444444444446
38	0	7.181818181818182
20	0	2.5789473684210527
20	0	6.523809523809524
36	0	7.9375
15	0	3.48
10	0	5.333333333333333
13	0	5.333333333333333
24	0	3.888888888888889
12	0	4.153846153846154
34	0	6.0
23	0	5.375
36	0	7.44
6	0	2.8
20	0	4.714285714285714
34	0	5.913043478260869
20	0	2.7142857142857144
26	0	5.157894736842105
11	0	4.666666666666667
13	0	3.0
17	0	5.5
21	0	3.375
12	0	4.125
14	0	4.4375
50	0	6.368421052631579
36	0	4.8
23	0	9.8125
15	0	6.045454545454546
15	0	4.0
22	0	6.625
37	0	6.0
14	0	5.8
25	0	6.571428571428571
25	0	7.0
22	0	6.842105263157895
18	0	5.333333333333333
14	0	5.090909090909091
35	0	6.666666666666667
21	0	5.75
42	0	8.619047619047619
37	0	4.9
14	0	4.375
21	0	6.375
6	0	0.46153846153846156
27	0	7.608695652173913
18	0	5.181818181818182
34	0	6.6
28	0	5.714285714285714
16	0	4.411764705882353
57	0	8.782608695652174
15	0	2.5
27	0	7.666666666666667
36	0	7.777777777777778
16	0	5.833333333333333
16	0	3.9
15	0	5.0
14	0	3.2142857142857144
52	0	11.692307692307692
70	0	6.842105263157895
52	0	8.588235294117647
14	0	2.466666666666667
21	0	6.0
22	0	6.6
14	0	7.142857142857143
18	0	6.2631578947368425
45	0	8.136363636363637
34	0	8.75
38	0	11.166666666666666
51	0	8.68421052631579
12	0	3.6923076923076925
15	0	3.8333333333333335
15	0	4.538461538461538
8	0	3.0
12	0	2.8333333333333335
13	0	4.0
18	0	4.0
20	0	4.75
36	0	6.538461538461538
17	0	3.1538461538461537
20	0	5.0
14	0	6.714285714285714
51	0	7.647058823529412
18	0	4.230769230769231
51	0	9.76923076923077
33	0	7.25
35	0	6.875
12	0	2.8260869565217392
37	0	8.576923076923077
17	0	2.9473684210526314
16	0	3.6
52	0	11.153846153846153
13	0	3.6153846153846154
34	0	6.590909090909091
34	0	4.555555555555555
16	0	3.8333333333333335
20	0	5.461538461538462
17	0	7.75
47	0	4.476190476190476
21	0	4.3076923076923075
11	0	5.583333333333333
37	0	8.75
5	0	2.5
34	0	9.25
9	0	2.923076923076923
34	0	7.166666666666667
25	0	6.260869565217392
14	0	3.5185185185185186
12	0	2.736842105263158
44	0	7.5
37	0	6.8
11	4	6.75
18	0	5.818181818181818
26	0	5.5625
10	0	3.0
13	0	2.761904761904762
34	0	9.818181818181818
44	0	7.266666666666667
23	0	6.333333333333333
16	0	2.6923076923076925
23	0	5.5
18	0	6.375
45	0	7.0
34	0	5.916666666666667
17	0	5.636363636363637
12	0	3.1666666666666665
17	0	4.125
26	0	5.2105263157894735
25	0	5.666666666666667
38	0	7.0
15	0	5.555555555555555
37	0	8.045454545454545
70	0	9.409090909090908
11	0	3.4285714285714284
37	0	5.4
13	0	2.6923076923076925
34	0	6.5
16	0	8.166666666666666
14	0	6.5
20	0	4.166666666666667
15	0	4.3478260869565215
29	0	6.157894736842105
14	0	5.5
22	0	3.5714285714285716
10	0	1.7272727272727273
25	0	8.692307692307692
26	0	5.277777777777778
51	0	5.954545454545454
36	0	4.428571428571429
22	0	4.380952380952381
7	0	2.4444444444444446
10	0	2.6
17	0	4.166666666666667
14	0	3.230769230769231
37	0	4.695652173913044
36	0	7.428571428571429
17	0	4.888888888888889
41	0	7.913043478260869
14	0	3.3333333333333335
13	0	6.666666666666667
42	0	8.65
34	0	5.538461538461538
14	0	4.8
20	0	5.363636363636363
27	0	5.588235294117647
16	0	3.066666666666667
16	0	2.923076923076923
19	0	5.0
14	0	4.416666666666667
17	0	5.434782608695652
27	0	6.2
13	0	5.857142857142857
36	0	8.0
47	0	9.947368421052632
25	0	6.571428571428571
41	0	4.8076923076923075
37	0	5.95
25	0	3.823529411764706
20	0	3.5
16	0	4.615384615384615
15	0	4.3125
43	0	6.315789473684211
22	0	3.888888888888889
14	0	3.5714285714285716
36	0	5.423076923076923
12	0	3.3333333333333335
52	0	8.444444444444445
15	0	3.64
8	0	0.84375
37	0	9.642857142857142
21	0	7.857142857142857
25	0	5.0
20	0	2.6818181818181817
13	0	6.0
52	0	6.538461538461538
6	0	1.8
11	0	4.0
22	0	5.3
13	0	3.2142857142857144
43	0	5.7
14	0	3.090909090909091
32	0	7.055555555555555
12	0	3.8461538461538463
27	0	8.321428571428571
12	0	3.85
20	0	4.111111111111111
13	0	3.5
12	0	3.4705882352941178
33	0	10.181818181818182
30	0	9.333333333333334
16	0	3.9285714285714284
52	0	9.095238095238095
10	0	2.8
11	0	3.2857142857142856
10	0	3.0
50	0	8.2
10	0	4.5
9	0	3.4
42	0	9.727272727272727
14	0	3.411764705882353
12	0	4.176470588235294
34	0	9.363636363636363
24	0	4.636363636363637
15	0	4.8
21	4	9.857142857142858
24	0	5.5
13	0	5.0
28	0	5.96
34	0	8.0
36	0	11.666666666666666
24	0	7.857142857142857
25	0	3.7058823529411766
52	0	9.826086956521738
27	0	9.4
18	0	5.0
13	0	5.222222222222222
20	1	6.555555555555555
13	0	3.5294117647058822
6	0	2.5
34	0	7.5
22	0	5.142857142857143
17	0	5.909090909090909
17	0	4.6875
14	0	4.5
14	0	2.375
57	0	10.047619047619047
60	0	6.428571428571429
8	0	2.5
9	0	3.588235294117647
15	0	5.217391304347826
36	0	8.0
17	0	5.2
43	0	7.863636363636363
13	0	5.769230769230769
13	0	3.5
16	0	4.809523809523809
50	0	12.5
16	0	3.25
37	0	9.875
18	0	4.666666666666667
34	0	7.0
47	0	7.176470588235294
17	0	5.476190476190476
22	0	3.3333333333333335
14	0	3.4375
11	0	4.214285714285714
34	0	6.8
52	0	6.2631578947368425
50	0	5.6521739130434785
17	0	7.7
13	1	8.0
21	0	3.9285714285714284
34	0	10.666666666666666
20	0	5.4375
52	0	7.388888888888889
50	0	5.6
22	0	4.653846153846154
27	0	6.647058823529412
19	0	5.304347826086956
9	0	2.5555555555555554
14	5	9.5
14	0	3.933333333333333
13	0	3.0
19	0	6.55
13	0	4.2
14	0	3.8333333333333335
22	0	5.043478260869565
28	0	4.8
11	0	3.9047619047619047
37	0	8.0
20	0	6.0
6	0	1.7777777777777777
45	0	4.611111111111111
18	0	4.2105263157894735
17	0	5.615384615384615
10	1	5.666666666666667
15	0	4.055555555555555
9	0	2.769230769230769
20	0	5.466666666666667
6	0	2.125
51	0	8.157894736842104
16	0	4.666666666666667
18	0	5.444444444444445
14	0	3.6923076923076925
4	0	1.6
22	0	6.714285714285714
34	0	12.166666666666666
11	0	3.0
10	0	4.0
34	0	9.0
34	0	8.928571428571429
14	0	2.9411764705882355
20	0	5.666666666666667
22	0	5.8
22	0	6.857142857142857
22	0	4.6
16	0	7.0
16	0	2.1
48	0	6.636363636363637
27	0	6.882352941176471
17	0	5.142857142857143
20	0	3.4166666666666665
14	0	5.333333333333333
14	0	5.380952380952381
37	0	9.75
14	0	4.625
60	0	9.181818181818182
37	0	5.647058823529412
44	0	5.791666666666667
37	0	7.083333333333333
16	0	4.333333333333333
36	0	9.875
14	0	2.3
34	0	8.466666666666667
17	0	4.769230769230769
34	0	8.0
20	0	5.266666666666667
18	0	6.428571428571429
15	0	4.533333333333333
38	0	4.84
18	0	2.3846153846153846
4	0	1.6
17	0	5.2631578947368425
36	0	5.117647058823529
40	0	4.52
34	0	7.333333333333333
13	0	1.4666666666666666
14	0	5.0
17	0	4.2105263157894735
10	0	3.1818181818181817
23	0	7.636363636363637
16	0	5.5
21	0	3.8
36	0	5.136363636363637
7	0	2.5454545454545454
10	0	4.545454545454546
20	0	5.461538461538462
28	0	4.818181818181818
13	0	5.466666666666667
10	0	2.7142857142857144
22	19	20.5
17	0	4.153846153846154
16	0	3.5294117647058822
23	0	4.631578947368421
22	0	5.428571428571429
15	0	3.5238095238095237
35	0	6.052631578947368
16	0	5.769230769230769
22	0	5.157894736842105
34	0	6.5
37	0	8.954545454545455
11	0	3.6
37	0	10.0
14	0	2.75
25	0	6.407407407407407
20	0	5.3
36	0	13.11111111111111
7	0	2.0
27	0	5.0
33	0	9.0
6	0	1.1111111111111112
14	0	5.1
13	0	5.428571428571429
36	0	5.777777777777778
9	0	3.2941176470588234
52	0	9.642857142857142
34	0	5.6
26	0	6.05
40	0	5.631578947368421
6	0	2.1666666666666665
22	0	4.333333333333333
21	0	3.0384615384615383
13	0	2.5294117647058822
14	0	2.95
20	0	9.285714285714286
29	0	4.357142857142857
10	0	5.222222222222222
14	0	3.3
7	0	3.5555555555555554
9	0	3.0
15	0	6.0
13	0	2.8461538461538463
44	0	9.3
14	0	4.583333333333333
6	0	1.8571428571428572
11	0	3.5625
37	0	5.636363636363637
13	1	6.0
25	0	4.545454545454546
9	0	2.2
17	0	5.214285714285714
34	0	8.4
16	0	4.0
38	0	7.125
12	0	4.428571428571429
12	0	4.75
22	0	3.7058823529411766
34	0	6.681818181818182
17	0	4.666666666666667
21	0	3.4444444444444446
17	0	3.9444444444444446
42	0	11.045454545454545
17	0	5.5
50	0	6.8
13	0	4.7368421052631575
24	0	3.8
36	0	6.304347826086956
7	0	2.6666666666666665
25	0	5.6923076923076925
6	0	2.75
6	0	1.875
43	0	5.782608695652174
34	0	7.631578947368421
35	0	8.0
0	0	0.0
21	0	4.518518518518518
27	0	5.5
37	0	7.0
12	0	3.0
14	0	4.375
14	0	1.7058823529411764
20	0	3.5
44	0	7.294117647058823
5	0	1.6
11	0	4.25
25	0	6.666666666666667
10	0	4.875
33	0	10.375
37	0	5.411764705882353
13	0	3.4545454545454546
45	0	6.666666666666667
41	0	4.7272727272727275
36	0	6.117647058823529
57	0	6.1
7	0	3.0
43	0	6.423076923076923
21	0	4.6
17	0	6.5
34	0	5.4375
19	0	7.0
25	0	6.2631578947368425
16	0	5.090909090909091
37	0	8.428571428571429
70	0	7.769230769230769
35	0	10.333333333333334
27	0	9.444444444444445
16	0	7.571428571428571
35	0	7.695652173913044
15	0	3.588235294117647
14	0	6.769230769230769
18	0	4.0
10	0	1.8181818181818181
50	0	6.476190476190476
35	0	8.666666666666666
36	0	9.076923076923077
13	0	4.2727272727272725
44	0	8.25
35	0	6.833333333333333
11	0	3.9
25	0	7.625
22	0	3.823529411764706
51	0	7.166666666666667
14	0	5.363636363636363
5	0	1.375
11	0	5.666666666666667
14	1	6.5
16	0	2.8333333333333335
45	0	4.545454545454546
41	0	7.666666666666667
16	0	3.625
37	0	5.285714285714286
43	0	10.214285714285714
17	0	3.357142857142857
36	0	7.5
16	2	6.285714285714286
42	0	11.0
22	0	4.15
14	0	3.142857142857143
14	0	4.428571428571429
20	0	5.777777777777778
13	0	6.0
35	0	7.230769230769231
14	0	3.1666666666666665
37	0	6.434782608695652
35	0	5.7727272727272725
6	0	1.875
35	0	5.826086956521739
12	0	4.090909090909091
17	0	4.9
38	0	8.0
16	0	4.733333333333333
38	0	6.2105263157894735
34	0	8.8
10	0	2.466666666666667
44	0	6.086956521739131
43	0	6.904761904761905
9	0	2.5555555555555554
6	0	1.9230769230769231
29	0	6.217391304347826
18	0	4.294117647058823
12	0	2.75
26	0	7.3
33	0	7.578947368421052
13	0	3.6666666666666665
11	0	3.142857142857143
16	0	5.571428571428571
18	0	4.111111111111111
38	0	7.153846153846154
20	0	5.7272727272727275
21	0	5.380952380952381
51	0	9.846153846153847
14	0	5.833333333333333
5	0	1.5555555555555556
22	0	6.478260869565218
9	0	3.0
9	0	3.0588235294117645
52	0	9.9375
15	0	4.9
45	0	10.625
27	0	6.285714285714286
8	0	1.588235294117647
21	0	4.928571428571429
10	0	3.923076923076923
54	0	7.230769230769231
14	0	2.7
8	0	3.076923076923077
28	0	6.2
11	0	4.0
25	0	6.7894736842105265
14	0	3.409090909090909
22	0	5.882352941176471
51	0	5.3
12	0	5.4
21	0	5.071428571428571
14	0	2.6923076923076925
28	0	3.4210526315789473
17	0	3.1818181818181817
13	1	6.0
31	0	7.0
35	0	8.923076923076923
25	0	5.368421052631579
18	0	5.3076923076923075
14	0	5.666666666666667
19	0	6.217391304347826
32	0	6.625
19	0	5.777777777777778
20	0	7.0
19	0	3.5625
36	0	6.7272727272727275
16	0	3.8461538461538463
52	0	8.818181818181818
14	0	3.4761904761904763
10	0	2.3333333333333335
13	0	4.0
6	0	1.6
75	0	11.117647058823529
18	0	4.5
14	0	4.8125
28	0	8.428571428571429
52	0	7.5
14	0	4.142857142857143
10	0	3.125
13	0	3.3333333333333335
14	0	4.166666666666667
22	0	5.076923076923077
15	0	4.133333333333334
15	0	4.0
17	0	6.142857142857143
37	0	8.884615384615385
14	0	5.571428571428571
33	0	6.45
25	0	7.5
8	0	3.2222222222222223
43	0	6.181818181818182
34	0	4.9375
17	0	5.48
22	0	2.526315789473684
13	0	5.961538461538462
14	0	4.25
6	0	1.9230769230769231
18	0	2.888888888888889
22	0	8.285714285714286
14	0	4.173913043478261
27	0	6.842105263157895
15	0	5.25
6	0	1.5555555555555556
17	0	4.533333333333333
27	0	6.5
10	0	3.0
12	0	4.35
37	0	8.0
11	0	3.1875
16	0	4.631578947368421
20	0	5.5
19	0	5.333333333333333
7	0	3.090909090909091
52	0	6.476190476190476
13	0	4.714285714285714
22	0	5.217391304347826
38	0	7.6
13	0	3.75
16	0	4.411764705882353
20	2	7.666666666666667
17	0	5.647058823529412
28	0	5.157894736842105
22	0	5.157894736842105
7	0	3.6923076923076925
24	0	3.9166666666666665
34	0	5.2
38	0	6.785714285714286
34	0	9.25
14	0	4.0
37	0	5.866666666666666
24	0	5.153846153846154
35	0	4.16
17	0	5.0
34	0	5.653846153846154
26	0	5.947368421052632
7	0	2.375
14	0	4.818181818181818
24	0	5.565217391304348
13	0	4.777777777777778
45	0	8.05
15	0	5.2727272727272725
22	0	6.153846153846154
35	0	9.846153846153847
7	0	3.0
38	0	5.875
31	0	8.176470588235293
38	0	5.954545454545454
34	0	6.909090909090909
34	0	5.545454545454546
10	0	2.1
20	0	4.6923076923076925
14	0	2.933333333333333
42	0	7.636363636363637
22	0	6.5
7	0	1.125
37	0	6.4
20	0	3.764705882352941
22	0	4.142857142857143
12	0	2.2777777777777777
50	0	8.826086956521738
34	0	6.833333333333333
24	0	8.846153846153847
18	0	4.894736842105263
40	0	5.157894736842105
45	0	8.0
20	0	4.3076923076923075
16	0	4.588235294117647
20	0	5.2727272727272725
10	0	3.111111111111111
13	0	2.5454545454545454
37	0	7.428571428571429
7	0	1.8333333333333333
22	0	5.875
17	0	4.466666666666667
24	0	4.666666666666667
43	0	11.4
19	0	6.222222222222222
15	0	4.866666666666666
15	0	6.333333333333333
44	0	9.25
16	0	3.875
15	0	4.391304347826087
4	1	2.0
38	0	13.0
51	0	6.2727272727272725
40	0	7.631578947368421
11	0	2.8666666666666667
7	0	2.217391304347826
13	0	3.1904761904761907
20	0	6.612903225806452
7	0	2.4444444444444446
21	0	4.0
12	0	2.8181818181818183
12	0	2.533333333333333
25	0	5.375
34	0	10.833333333333334
8	0	3.6923076923076925
44	0	10.166666666666666
20	0	7.615384615384615
18	0	4.181818181818182
18	0	4.875
75	0	11.583333333333334
14	0	3.789473684210526
36	0	9.8
21	0	5.925925925925926
37	0	6.476190476190476
10	0	2.8333333333333335
25	0	4.6
16	0	5.304347826086956
14	0	4.545454545454546
20	0	6.35
11	0	2.857142857142857
43	0	7.125
44	0	8.8
17	0	6.2727272727272725
9	0	1.6923076923076923
20	0	5.55
10	0	2.5625
14	0	3.5238095238095237
24	0	7.833333333333333
21	0	7.235294117647059
24	0	6.066666666666666
34	0	8.923076923076923
50	0	5.708333333333333
14	0	3.8
22	0	7.3076923076923075
8	0	1.9
16	0	2.888888888888889
18	0	5.1
11	0	4.428571428571429
14	0	6.666666666666667
6	0	4.0
38	0	7.222222222222222
13	0	4.0
20	0	4.4375
28	0	9.0
38	0	7.142857142857143
37	0	8.9
25	0	8.583333333333334
14	0	3.1333333333333333
20	0	6.076923076923077
27	0	8.8125
13	0	3.7333333333333334
18	0	5.24
37	0	11.75
36	0	6.545454545454546
14	0	4.75
2	0	1.25
37	0	7.7272727272727275
45	0	6.212121212121212
24	0	5.631578947368421
28	0	7.4
9	0	3.5714285714285716
23	0	6.25
25	0	5.521739130434782
35	0	6.05
57	0	7.866666666666666
18	0	5.133333333333334
45	0	7.75
38	0	11.333333333333334
16	0	5.25
9	0	2.3333333333333335
22	0	3.769230769230769
45	0	7.466666666666667
34	0	5.454545454545454
13	0	3.0
12	0	3.7777777777777777
14	0	3.5294117647058822
17	0	3.7142857142857144
25	0	6.2
6	0	3.5714285714285716
27	0	5.8076923076923075
18	0	4.5
15	0	5.222222222222222
38	0	5.521739130434782
25	0	5.333333333333333
23	0	5.714285714285714
38	0	5.7272727272727275
8	0	1.3333333333333333
45	0	6.769230769230769
34	0	6.8
20	0	4.153846153846154
42	0	8.047619047619047
16	0	5.066666666666666
50	0	6.346153846153846
34	0	4.538461538461538
36	0	6.576923076923077
42	0	5.388888888888889
22	0	5.642857142857143
23	0	7.888888888888889
19	0	5.0
22	0	4.833333333333333
52	0	6.875
24	0	3.2
12	0	1.95
36	0	5.0
6	0	2.3333333333333335
14	0	4.285714285714286
20	0	5.181818181818182
16	0	4.375
37	0	9.058823529411764
45	0	5.153846153846154
13	0	1.75
24	1	8.3
52	0	5.277777777777778
27	0	5.962962962962963
14	0	4.0
28	0	3.7083333333333335
38	0	7.842105263157895
44	0	10.227272727272727
43	0	8.3125
17	0	4.6
2	0	0.6666666666666666
36	0	6.714285714285714
37	0	9.115384615384615
12	0	2.5714285714285716
14	0	4.285714285714286
51	0	8.0
17	0	2.6875
52	0	7.090909090909091
14	0	4.1
12	0	4.166666666666667
28	0	7.25
21	0	5.666666666666667
38	0	6.611111111111111
34	0	6.333333333333333
10	0	3.8333333333333335
52	0	7.769230769230769
51	0	7.176470588235294
13	0	3.611111111111111
34	0	5.909090909090909
60	0	10.166666666666666
52	0	7.85
34	0	7.28
21	0	4.4
18	0	3.25
34	0	6.5
12	0	3.347826086956522
15	0	3.769230769230769
20	0	5.384615384615385
27	0	7.384615384615385
19	0	5.6
16	0	4.375
42	0	8.25
75	0	10.857142857142858
17	0	4.681818181818182
16	0	7.375
16	0	4.222222222222222
14	0	5.25
21	0	4.444444444444445
14	0	2.7777777777777777
36	0	5.333333333333333
14	0	2.95
13	0	7.0
37	0	8.458333333333334
28	0	7.071428571428571
22	0	4.9411764705882355
51	0	7.538461538461538
35	0	5.235294117647059
37	0	7.478260869565218
22	0	7.571428571428571
20	0	5.476190476190476
14	0	4.36
15	2	7.75
22	0	6.5625
1	0	0.2
13	0	4.333333333333333
14	0	3.5
15	0	4.352941176470588
16	0	3.75
17	0	4.0
11	0	2.9642857142857144
11	4	6.5
14	0	3.6875
16	0	4.181818181818182
24	0	7.142857142857143
16	0	3.0952380952380953
40	0	8.5
27	0	8.76923076923077
36	0	7.95
37	0	4.888888888888889
14	0	5.333333333333333
14	0	5.142857142857143
13	0	4.3
10	0	2.9444444444444446
14	0	5.833333333333333
25	0	6.266666666666667
37	0	4.647058823529412
30	0	9.333333333333334
15	0	3.25
15	0	2.727272727272727
10	0	1.8571428571428572
50	0	8.529411764705882
41	0	7.636363636363637
7	0	3.8
9	1	4.666666666666667
12	0	3.588235294117647
30	0	4.25
51	0	5.666666666666667
16	0	4.666666666666667
13	0	3.8
52	0	12.636363636363637
18	0	5.75
19	0	3.4
51	0	7.44
7	0	3.6666666666666665
52	0	9.454545454545455
52	0	6.791666666666667
9	0	2.642857142857143
52	0	9.466666666666667
21	0	4.5
43	0	9.181818181818182
52	0	8.5
37	0	7.0
43	0	10.7
20	0	3.0
17	0	3.125
15	0	5.75
13	0	4.2
15	0	4.083333333333333
37	0	7.823529411764706
20	0	7.0588235294117645
12	0	3.076923076923077
14	0	2.8461538461538463
37	0	9.368421052631579
11	0	4.0
20	0	5.842105263157895
51	0	12.9375
38	0	9.0
5	0	1.8
14	0	4.285714285714286
17	0	4.785714285714286
35	0	8.125
22	0	7.1
20	0	3.15
13	0	4.181818181818182
16	0	4.708333333333333
34	0	6.083333333333333
16	0	4.555555555555555
44	0	8.619047619047619
12	0	3.411764705882353
35	0	11.363636363636363
14	0	9.0
51	0	4.894736842105263
19	0	5.7
16	0	4.666666666666667
8	0	2.0
6	0	3.0
24	0	6.733333333333333
21	0	6.0
27	0	7.0
11	0	2.8518518518518516
13	0	2.5
35	0	6.384615384615385
34	0	11.571428571428571
3	0	0.7142857142857143
18	0	3.0
20	0	6.0
50	0	10.0
37	0	5.7894736842105265
22	0	4.5
22	0	5.076923076923077
22	0	4.481481481481482
20	0	4.6
17	0	6.066666666666666
34	0	5.277777777777778
10	0	6.2
4	0	1.5
29	0	7.111111111111111
14	0	3.9166666666666665
26	0	5.923076923076923
32	0	6.5
17	0	5.916666666666667
13	0	2.1666666666666665
13	0	3.75
20	0	4.0
7	0	2.909090909090909
21	0	6.411764705882353
14	0	4.714285714285714
36	0	12.833333333333334
6	0	2.4285714285714284
14	0	5.25
43	0	10.666666666666666
14	0	3.875
37	0	6.421052631578948
16	0	3.2666666666666666
10	2	6.0
15	0	2.857142857142857
37	0	7.578947368421052
14	0	7.6
37	0	6.956521739130435
16	0	4.32
8	0	2.0
28	0	9.764705882352942
50	2	11.7
20	0	5.3125
5	0	1.7142857142857142
38	0	5.666666666666667
13	0	2.2
14	0	6.133333333333334
6	0	3.0
14	0	4.095238095238095
34	0	7.636363636363637
21	0	6.6521739130434785
70	0	7.733333333333333
17	0	6.217391304347826
35	0	7.85
22	0	5.176470588235294
11	0	3.6
45	0	7.739130434782608
28	0	4.9411764705882355
11	0	3.25
13	0	2.466666666666667
18	0	5.25
34	0	5.821428571428571
22	0	4.68
27	0	5.0476190476190474
20	0	7.166666666666667
22	0	4.944444444444445
44	0	7.761904761904762
28	0	4.777777777777778
20	0	3.111111111111111
18	0	5.526315789473684
45	0	5.863636363636363
25	0	6.285714285714286
13	0	2.8
16	0	6.7894736842105265
14	0	4.4
27	0	12.666666666666666
10	0	2.8260869565217392
19	0	5.791666666666667
8	0	3.769230769230769
7	0	3.5
22	0	5.0
43	0	7.4
11	0	3.6818181818181817
11	0	3.8333333333333335
16	0	4.333333333333333
13	0	5.111111111111111
26	0	9.1
14	0	6.0
16	0	4.24
37	0	6.777777777777778
20	0	5.111111111111111
20	0	4.428571428571429
38	0	6.3478260869565215
12	0	4.333333333333333
23	0	4.615384615384615
10	0	2.7142857142857144
16	0	4.555555555555555
15	0	6.090909090909091
15	0	5.0
9	0	5.333333333333333
33	4	11.571428571428571
42	0	5.37037037037037
27	0	6.647058823529412
17	0	6.5
52	0	8.076923076923077
24	0	6.133333333333334
13	0	4.8
12	0	1.5
51	0	5.761904761904762
22	0	5.28
48	0	5.785714285714286
21	0	4.105263157894737
21	0	5.739130434782608
15	0	3.8
34	0	7.0
16	1	8.666666666666666
37	0	5.066666666666666
16	0	4.615384615384615
15	0	5.916666666666667
42	0	8.478260869565217
17	0	4.0
7	0	2.9166666666666665
44	0	11.444444444444445
1	0	0.08333333333333333
10	0	3.375
8	0	2.8181818181818183
37	0	5.75
57	0	7.8
13	0	5.3
22	0	6.333333333333333
4	0	0.7142857142857143
12	0	3.888888888888889
14	0	5.5
12	0	3.3157894736842106
20	0	3.0555555555555554
14	0	2.210526315789474
14	0	5.0
6	0	1.8571428571428572
60	0	8.545454545454545
15	0	4.055555555555555
12	0	3.7058823529411766
37	0	9.75
22	0	6.1875
51	0	9.545454545454545
18	0	5.0
24	0	4.066666666666666
20	0	6.133333333333334
13	0	3.3333333333333335
14	0	3.1
20	0	7.866666666666666
50	0	5.4
12	0	2.5454545454545454
23	0	6.45
14	0	4.363636363636363
34	0	5.722222222222222
20	0	4.625
14	0	3.6666666666666665
22	0	8.25
14	0	4.473684210526316
44	0	7.5
14	0	2.2857142857142856
14	0	3.8095238095238093
14	0	2.888888888888889
43	0	4.5
11	0	3.789473684210526
44	0	6.615384615384615
13	0	3.3333333333333335
16	0	5.125
20	0	6.217391304347826
25	0	6.666666666666667
34	0	5.384615384615385
57	3	14.428571428571429
13	0	3.7142857142857144
7	0	1.6666666666666667
50	0	21.875
13	0	3.4285714285714284
34	0	6.777777777777778
12	0	3.066666666666667
9	0	3.125
16	0	2.8125
34	0	6.869565217391305
11	0	4.090909090909091
20	0	4.0
14	0	4.409090909090909
5	0	1.25
19	0	7.125
75	0	8.962962962962964
20	0	6.352941176470588
27	0	5.346153846153846
11	0	3.5
22	0	5.846153846153846
52	0	8.894736842105264
33	0	8.25
20	0	4.083333333333333
13	0	2.857142857142857
18	0	7.714285714285714
7	0	2.6
16	0	2.272727272727273
21	0	4.05
19	0	6.230769230769231
23	0	4.933333333333334
34	0	8.666666666666666
52	0	9.105263157894736
34	0	6.545454545454546
36	0	4.125
12	0	5.6
37	0	5.333333333333333
5	0	1.2857142857142858
25	0	3.736842105263158
25	0	5.130434782608695
75	0	14.928571428571429
32	0	3.2
44	0	6.7368421052631575
29	0	8.555555555555555
18	0	6.8
20	0	4.555555555555555
20	0	6.2105263157894735
34	0	4.0
10	0	2.3333333333333335
20	0	7.538461538461538
28	0	7.5
20	0	5.416666666666667
28	0	7.333333333333333
19	2	10.285714285714286
18	0	5.769230769230769
34	0	7.5
16	0	4.222222222222222
23	0	5.285714285714286
13	0	4.3
60	0	5.6
27	0	8.9
51	0	9.421052631578947
15	0	6.875
22	0	4.9375
14	0	5.0
19	0	5.75
14	0	4.411764705882353
13	0	3.5833333333333335
9	0	3.3333333333333335
14	0	5.647058823529412
36	0	5.206896551724138
21	0	6.15
17	0	7.1
41	0	12.615384615384615
14	0	3.526315789473684
19	0	4.190476190476191
12	0	6.428571428571429
52	0	7.611111111111111
15	0	4.388888888888889
34	0	4.142857142857143
30	0	4.2
17	0	5.944444444444445
22	0	5.148148148148148
21	0	4.5
44	0	5.647058823529412
25	0	6.333333333333333
20	0	4.285714285714286
19	0	6.916666666666667
51	0	8.0
35	0	9.181818181818182
16	0	3.739130434782609
26	0	4.611111111111111
26	0	5.363636363636363
52	0	7.291666666666667
10	0	3.769230769230769
51	0	6.8
13	0	5.6923076923076925
15	0	5.142857142857143
27	0	5.833333333333333
50	0	12.15
16	0	3.3636363636363638
50	0	6.833333333333333
12	0	3.588235294117647
44	0	13.0
21	0	6.785714285714286
15	0	2.5555555555555554
7	0	2.1875
35	0	5.0
22	0	7.714285714285714
44	0	9.285714285714286
17	0	5.4
5	0	2.0
27	0	5.454545454545454
37	0	4.7727272727272725
14	0	3.1666666666666665
4	0	1.2857142857142858
27	0	5.666666666666667
45	0	8.0
38	0	5.909090909090909
37	0	5.7368421052631575
25	0	5.384615384615385
18	0	5.0
40	0	7.208333333333333
14	0	6.375
51	0	9.142857142857142
14	0	4.105263157894737
3	0	0.6666666666666666
51	0	10.5
24	0	5.75
37	0	5.375
6	0	0.6
27	1	10.333333333333334
35	0	4.769230769230769
45	0	7.133333333333334
40	0	7.5
13	0	3.0
26	0	4.909090909090909
27	0	5.052631578947368
2	0	0.3333333333333333
34	0	6.0
50	0	11.428571428571429
26	0	4.65
8	0	2.8461538461538463
20	0	3.642857142857143
33	0	7.444444444444445
37	0	6.538461538461538
30	0	4.95
35	0	6.6
44	0	8.136363636363637
13	0	2.5555555555555554
11	0	4.235294117647059
16	0	5.818181818181818
21	0	5.454545454545454
14	0	4.285714285714286
20	0	4.052631578947368
27	0	6.32
7	1	5.0
15	0	5.071428571428571
72	0	10.23076923076923
20	0	7.555555555555555
42	0	9.090909090909092
20	0	8.285714285714286
50	0	11.173913043478262
25	0	5.375
10	0	2.7777777777777777
12	0	2.875
14	0	3.6363636363636362
9	0	2.375
11	0	2.8421052631578947
13	0	4.333333333333333
18	0	3.8666666666666667
25	0	6.0
51	0	6.125
36	0	6.9411764705882355
17	0	5.571428571428571
37	0	5.96
36	0	6.777777777777778
25	0	6.304347826086956
45	0	9.571428571428571
17	0	5.0
60	0	8.571428571428571
20	0	6.458333333333333
52	0	7.625
22	0	4.481481481481482
37	0	6.708333333333333
37	0	6.777777777777778
6	0	2.2857142857142856
52	0	5.695652173913044
37	0	5.684210526315789
51	0	6.291666666666667
44	0	6.2631578947368425
1	0	0.5
14	0	2.761904761904762
16	0	4.923076923076923
18	0	5.533333333333333
14	0	3.2
27	0	4.5
21	0	5.714285714285714
75	0	15.416666666666666
36	0	4.214285714285714
7	0	3.1666666666666665
13	0	2.1818181818181817
43	0	6.0
26	0	6.04
27	0	4.666666666666667
16	0	4.894736842105263
22	0	3.357142857142857
51	0	9.428571428571429
9	0	3.375
44	0	8.105263157894736
8	0	2.3076923076923075
38	0	11.37037037037037
48	0	8.631578947368421
44	0	6.56
45	0	6.75
13	0	3.933333333333333
16	0	4.583333333333333
14	0	3.0
15	3	6.857142857142857
20	0	3.6666666666666665
15	0	3.68
11	0	4.166666666666667
8	0	2.7142857142857144
14	0	4.791666666666667
21	0	5.214285714285714
40	0	6.48
22	0	5.954545454545454
13	0	3.4615384615384617
22	0	3.727272727272727
19	0	4.5
23	0	3.2142857142857144
17	0	5.526315789473684
32	0	7.285714285714286
3	0	0.5
6	0	1.6
13	0	7.111111111111111
26	0	4.636363636363637
36	0	13.625
27	0	5.0
7	0	4.25
12	0	3.0
12	0	3.375
26	0	3.823529411764706
0	0	0.0
8	0	2.4444444444444446
21	0	4.583333333333333
8	0	1.6153846153846154
52	0	7.56
14	0	3.857142857142857
36	0	5.826086956521739
15	0	5.9
25	0	5.066666666666666
6	0	1.8
13	0	4.538461538461538
37	0	4.705882352941177
42	0	5.583333333333333
16	0	4.916666666666667
44	0	6.090909090909091
16	0	4.7727272727272725
60	0	5.315789473684211
40	0	4.5
40	0	6.809523809523809
19	0	4.363636363636363
22	0	7.5
60	0	7.818181818181818
11	0	2.6
37	0	5.684210526315789
17	0	6.714285714285714
6	0	0.7692307692307693
8	0	2.0
34	0	6.0
37	0	8.083333333333334
34	0	4.565217391304348
17	0	6.2
37	0	7.222222222222222
13	0	3.75
10	0	4.166666666666667
34	0	4.958333333333333
8	0	2.2
16	0	3.9
13	0	3.3333333333333335
25	0	4.173913043478261
13	0	2.75
24	0	6.944444444444445
17	0	6.7272727272727275
25	0	3.4
37	0	4.944444444444445
10	1	5.0
44	0	6.05
11	0	2.1818181818181817
23	0	5.217391304347826
57	0	7.32
27	0	6.444444444444445
37	0	8.473684210526315
37	0	8.307692307692308
40	0	6.375
15	0	3.4545454545454546
33	0	11.5
21	0	5.923076923076923
37	0	6.5
18	0	6.0
42	0	4.958333333333333
20	0	6.3
37	0	6.571428571428571
8	0	3.75
17	0	6.230769230769231
19	0	4.631578947368421
26	0	5.190476190476191
15	0	2.7333333333333334
7	0	2.4
35	0	7.157894736842105
12	0	3.1666666666666665
14	0	4.0
14	0	3.6666666666666665
20	0	4.571428571428571
18	0	5.0
10	2	6.2
14	0	5.363636363636363
25	0	6.766666666666667
26	0	4.7727272727272725
18	0	4.636363636363637
52	0	9.142857142857142
14	0	2.9411764705882355
7	0	2.6
35	0	11.619047619047619
14	0	2.8333333333333335
51	0	8.25
14	0	4.714285714285714
41	0	6.619047619047619
19	0	5.8
28	0	5.2272727272727275
22	0	4.1
14	0	5.357142857142857
6	0	2.3125
43	0	8.136363636363637
44	0	8.352941176470589
40	0	9.882352941176471
20	0	3.6
6	0	3.75
11	0	5.666666666666667
14	0	5.222222222222222
45	0	13.333333333333334
14	0	4.285714285714286
44	0	9.08695652173913
25	0	6.294117647058823
24	0	6.444444444444445
40	0	9.2
25	0	5.653846153846154
34	0	6.25
52	0	5.846153846153846
33	0	8.272727272727273
12	0	2.388888888888889
12	0	6.222222222222222
34	0	6.608695652173913
24	0	5.5
37	0	6.961538461538462
11	0	3.0588235294117645
26	0	6.125
28	0	4.315789473684211
36	0	6.782608695652174
6	0	3.0
60	0	7.583333333333333
16	0	4.294117647058823
22	0	10.545454545454545
33	0	5.733333333333333
10	0	3.6
19	0	6.928571428571429
33	0	6.625
16	0	3.4545454545454546
10	0	2.4285714285714284
13	0	4.5
52	0	5.681818181818182
37	0	7.076923076923077
20	0	4.095238095238095
30	0	3.875
12	0	4.384615384615385
7	0	3.0
37	0	7.260869565217392
13	0	2.888888888888889
50	0	8.818181818181818
38	0	5.5
11	0	5.357142857142857
21	0	9.0
51	4	19.8
28	0	4.928571428571429
20	0	5.578947368421052
51	0	6.111111111111111
37	0	8.529411764705882
33	0	7.0
7	0	1.375
10	0	4.142857142857143
37	0	8.0
51	0	7.615384615384615
34	0	4.0
14	0	4.230769230769231
20	0	4.862068965517241
30	0	6.666666666666667
7	0	2.1666666666666665
34	0	6.055555555555555
14	0	6.166666666666667
14	0	3.35
37	0	4.461538461538462
34	0	5.45
72	0	6.608695652173913
17	0	6.333333333333333
14	0	3.2777777777777777
37	0	4.916666666666667
16	0	4.5
25	0	7.538461538461538
27	0	5.176470588235294
15	0	5.2
17	0	3.4545454545454546
9	0	2.6875
52	0	11.692307692307692
33	0	6.176470588235294
27	0	8.0
18	0	3.6666666666666665
7	0	1.7777777777777777
22	0	6.25
35	0	4.619047619047619
34	0	4.5
21	0	4.5
37	0	6.238095238095238
6	0	2.1176470588235294
9	0	4.2272727272727275
16	0	5.7368421052631575
25	0	5.0
7	0	1.7142857142857142
15	0	4.571428571428571
32	0	4.866666666666666
14	0	4.3
22	0	4.928571428571429
34	0	5.55
37	0	7.36
16	0	5.333333333333333
37	0	5.333333333333333
20	0	3.45
16	0	4.095238095238095
22	0	5.8125
36	0	6.185185185185185
4	0	0.45454545454545453
11	0	4.2
10	0	2.6
24	0	4.653846153846154
22	0	3.9130434782608696
17	0	4.473684210526316
23	0	5.9
20	0	4.708333333333333
9	0	3.1666666666666665
45	0	6.066666666666666
12	1	5.555555555555555
51	0	8.0
4	0	1.5
38	0	11.25
17	0	6.882352941176471
17	0	4.95
15	0	4.2
10	0	4.235294117647059
22	0	7.473684210526316
44	0	12.5
36	0	6.909090909090909
12	0	3.375
33	0	6.15
13	0	3.576923076923077
26	0	6.666666666666667
27	0	6.666666666666667
19	0	5.333333333333333
0	0	0.0
75	0	10.5625
25	0	5.2631578947368425
15	0	6.0
13	0	2.8823529411764706
3	0	0.8333333333333334
10	0	4.5
14	0	4.909090909090909
44	0	7.25
14	2	7.142857142857143
16	0	4.0625
21	0	7.181818181818182
14	0	4.928571428571429
19	0	7.538461538461538
15	0	6.363636363636363
36	0	7.739130434782608
75	0	8.772727272727273
52	0	9.304347826086957
14	0	4.041666666666667
38	0	7.84
50	0	7.357142857142857
14	0	4.782608695652174
7	0	1.3125
6	0	2.0
12	0	3.0
35	0	16.5
14	0	4.428571428571429
43	0	6.041666666666667
35	0	6.588235294117647
17	1	8.0
10	0	2.75
19	0	4.4
51	0	8.24
28	0	6.571428571428571
24	0	5.777777777777778
20	0	7.2
12	0	4.266666666666667
22	0	10.25
21	0	4.25
14	0	2.7058823529411766
13	0	2.888888888888889
15	0	4.466666666666667
17	0	4.05
14	0	3.909090909090909
22	0	5.833333333333333
24	0	3.533333333333333
43	0	6.571428571428571
19	0	4.125
50	0	9.125
32	0	8.294117647058824
25	0	4.357142857142857
19	0	5.653846153846154
27	0	6.111111111111111
19	0	2.8666666666666667
37	0	6.409090909090909
26	0	11.25
14	0	2.3333333333333335
12	0	2.2777777777777777
7	0	2.5217391304347827
34	0	4.818181818181818
18	0	3.5
54	0	7.518518518518518
22	0	6.611111111111111
11	0	3.0
50	0	12.25
4	0	1.1666666666666667
14	0	4.2272727272727275
52	0	9.909090909090908
25	0	5.461538461538462
7	0	2.111111111111111
20	0	6.25
20	1	7.833333333333333
18	0	4.0
21	0	5.7
13	0	2.875
41	0	6.2
34	0	6.55
10	0	3.25
27	0	7.333333333333333
12	0	2.4
20	0	7.363636363636363
20	0	4.666666666666667
13	0	2.75
37	0	10.0
22	0	5.5
15	0	3.9444444444444446
22	1	7.076923076923077
18	0	5.458333333333333
12	0	5.625
28	0	6.916666666666667
16	0	3.75
12	0	5.5
33	0	5.571428571428571
17	0	3.0
44	0	6.785714285714286
51	0	8.384615384615385
9	0	3.0625
34	0	7.681818181818182
40	0	6.714285714285714
43	0	7.875
21	0	5.16
45	0	6.0
30	0	15.75
13	0	3.4285714285714284
12	0	4.166666666666667
20	0	6.578947368421052
13	0	2.764705882352941
16	0	5.714285714285714
18	0	5.642857142857143
15	0	3.869565217391304
15	0	7.125
37	0	6.647058823529412
27	0	5.4
14	0	3.142857142857143
14	0	4.636363636363637
37	0	11.294117647058824
10	0	3.5555555555555554
36	0	8.75
22	0	4.9
17	0	3.5384615384615383
19	0	4.384615384615385
7	0	2.473684210526316
27	0	5.117647058823529
22	0	8.555555555555555
13	0	3.5833333333333335
13	0	3.7142857142857144
28	0	5.6
21	0	5.681818181818182
14	0	3.6666666666666665
16	0	4.777777777777778
9	0	2.3846153846153846
14	0	3.5454545454545454
48	0	7.285714285714286
14	0	4.076923076923077
37	0	5.95
12	0	5.0
11	0	2.7
14	0	4.133333333333334
52	0	6.947368421052632
38	0	6.217391304347826
14	0	6.333333333333333
34	0	6.190476190476191
26	0	7.230769230769231
51	0	8.25
36	0	5.869565217391305
18	0	5.909090909090909
13	0	5.529411764705882
52	0	10.625
51	0	6.782608695652174
14	0	3.4444444444444446
13	0	2.7142857142857144
15	0	3.9473684210526314
40	0	10.25
22	0	7.8
7	0	3.4
20	0	6.866666666666666
15	0	3.6666666666666665
22	0	4.111111111111111
14	0	2.6363636363636362
35	0	3.782608695652174
37	0	4.869565217391305
20	0	4.0476190476190474
21	0	6.851851851851852
16	0	3.1176470588235294
37	0	4.333333333333333
44	0	14.857142857142858
1	0	0.16666666666666666
22	0	3.625
1	0	0.25
37	0	5.823529411764706
51	0	6.25
18	0	4.9
21	0	2.6818181818181817
51	0	6.631578947368421
20	0	3.15
15	0	6.090909090909091
25	0	4.555555555555555
21	0	3.125
36	0	5.9
20	0	4.571428571428571
0	0	0.0
34	0	8.105263157894736
28	0	7.25
6	0	1.4615384615384615
22	0	5.388888888888889
20	0	3.6666666666666665
20	0	4.875
10	0	5.285714285714286
16	0	2.230769230769231
8	0	2.642857142857143
48	0	8.28
34	0	8.526315789473685
18	0	5.095238095238095
75	0	6.892857142857143
9	0	1.8571428571428572
44	0	3.933333333333333
16	0	5.863636363636363
26	0	7.85
41	0	6.344827586206897
27	0	9.96
17	0	5.166666666666667
51	0	5.95
13	0	5.2
22	0	5.9
34	0	6.153846153846154
60	0	17.0
38	0	7.375
10	0	2.2
18	0	5.333333333333333
25	0	6.428571428571429
42	0	6.578947368421052
14	0	3.4
16	0	4.0
33	0	7.5
14	0	3.142857142857143
36	0	5.6
12	0	4.4375
15	0	7.125
33	0	7.166666666666667
15	0	5.153846153846154
41	0	6.153846153846154
41	0	9.714285714285714
15	0	7.0
16	0	5.777777777777778
20	0	5.933333333333334
14	0	1.5555555555555556
61	0	8.75
25	0	6.15
19	0	6.733333333333333
36	0	5.590909090909091
37	0	5.944444444444445
75	0	10.083333333333334
24	0	7.230769230769231
36	0	6.0
13	0	3.6363636363636362
20	0	6.25
12	0	2.6666666666666665
40	0	7.285714285714286
34	0	7.2
27	2	10.6
37	0	6.8076923076923075
13	0	4.642857142857143
72	0	7.7727272727272725
15	0	4.4
17	0	6.260869565217392
10	0	3.2222222222222223
51	0	5.055555555555555
16	0	6.714285714285714
21	0	6.954545454545454
25	0	3.5625
21	0	6.909090909090909
17	0	3.2222222222222223
6	0	2.4
19	0	6.857142857142857
17	0	5.6
36	0	7.071428571428571
20	0	5.666666666666667
41	0	6.705882352941177
38	0	8.571428571428571
21	0	4.785714285714286
36	0	5.44
36	0	6.6923076923076925
27	0	7.142857142857143
21	0	5.578947368421052
17	0	4.5
17	0	3.7142857142857144
37	0	7.705882352941177
20	0	5.714285714285714
16	0	3.933333333333333
13	0	2.9285714285714284
21	0	3.789473684210526
34	0	6.0476190476190474
14	0	6.5
28	0	6.375
20	0	5.583333333333333
36	0	6.428571428571429
27	0	7.846153846153846
14	0	4.428571428571429
12	0	3.25
14	0	5.875
45	0	7.333333333333333
70	0	13.0
14	0	5.5
37	0	6.545454545454546
38	0	8.083333333333334
36	0	7.32258064516129
13	0	6.222222222222222
17	0	4.882352941176471
13	0	4.1
23	0	4.833333333333333
34	0	5.933333333333334
9	0	2.0714285714285716
4	0	2.125
22	0	6.75
19	0	6.095238095238095
14	0	5.25
11	0	3.6363636363636362
25	0	5.739130434782608
52	0	7.869565217391305
13	0	4.0
13	0	3.3529411764705883
21	0	6.75
10	0	4.555555555555555
11	0	4.235294117647059
22	0	5.476190476190476
14	0	4.090909090909091
13	0	4.357142857142857
34	0	7.571428571428571
37	0	5.375
13	0	3.1
37	0	6.2
47	0	8.272727272727273
14	0	3.8
44	0	6.730769230769231
52	0	11.076923076923077
6	0	1.9166666666666667
9	0	1.6666666666666667
35	0	4.076923076923077
22	0	6.473684210526316
13	0	3.9166666666666665
14	0	4.133333333333334
14	0	3.625
38	0	9.833333333333334
14	0	2.5294117647058822
13	0	4.888888888888889
10	0	3.0
13	0	5.666666666666667
34	0	5.352941176470588
7	0	1.6363636363636365
11	0	2.3846153846153846
36	0	4.888888888888889
19	0	3.25
22	0	7.2727272727272725
21	0	6.1923076923076925
11	0	3.0
10	0	2.857142857142857
13	0	3.8333333333333335
26	0	11.2
25	0	7.68
22	0	5.7894736842105265
13	0	2.9444444444444446
37	0	9.529411764705882
24	0	5.2
13	0	3.875
26	0	7.333333333333333
36	0	6.833333333333333
14	0	4.411764705882353
19	0	5.2
16	0	5.166666666666667
22	0	3.6
36	0	7.1
20	0	4.818181818181818
17	0	2.7142857142857144
37	0	6.857142857142857
14	1	9.25
1	0	0.6
14	0	5.285714285714286
6	0	1.4545454545454546
27	0	7.571428571428571
16	0	2.6956521739130435
14	0	4.545454545454546
52	0	6.6521739130434785
11	0	3.15
16	0	7.2727272727272725
44	0	10.352941176470589
48	0	8.142857142857142
16	0	4.3
14	0	2.909090909090909
30	0	5.090909090909091
14	0	5.428571428571429
14	0	3.8666666666666667
52	0	10.176470588235293
22	4	12.285714285714286
14	0	4.125
10	0	2.5833333333333335
35	0	7.25
6	0	1.0
10	0	2.909090909090909
52	0	8.217391304347826
14	0	2.9545454545454546
52	0	5.0
14	0	4.4
37	0	7.4
28	0	4.142857142857143
24	0	5.0476190476190474
27	0	5.25
14	0	4.647058823529412
14	0	3.5384615384615383
15	0	4.636363636363637
25	0	6.684210526315789
28	0	6.428571428571429
51	0	10.476190476190476
14	0	4.5
26	0	2.8636363636363638
37	0	6.647058823529412
6	0	1.6
12	0	2.388888888888889
22	0	7.846153846153846
10	0	4.2
43	0	7.545454545454546
13	0	2.888888888888889
34	0	9.733333333333333
18	0	3.7
37	0	7.0
7	0	2.076923076923077
6	0	1.8888888888888888
37	0	6.875
23	0	5.0476190476190474
9	0	1.8
22	0	6.833333333333333
24	0	4.428571428571429
16	0	5.0
9	0	2.8333333333333335
10	0	3.0
34	0	5.769230769230769
25	0	4.529411764705882
13	0	1.8888888888888888
31	0	6.333333333333333
19	0	5.333333333333333
43	0	6.681818181818182
21	0	4.631578947368421
28	0	3.7916666666666665
13	0	3.590909090909091
14	0	4.928571428571429
47	0	8.636363636363637
10	0	2.761904761904762
17	0	4.947368421052632
22	0	5.7
14	0	3.7333333333333334
7	0	2.375
22	0	5.730769230769231
7	0	3.111111111111111
34	0	9.333333333333334
14	0	4.05
15	0	5.444444444444445
24	0	4.909090909090909
15	0	5.823529411764706
22	0	6.529411764705882
34	0	10.272727272727273
15	0	2.8666666666666667
10	0	5.142857142857143
16	0	4.117647058823529
24	2	7.833333333333333
27	0	3.45
45	0	9.75
13	0	3.857142857142857
19	0	4.3
16	0	2.923076923076923
10	0	2.9285714285714284
13	0	4.090909090909091
37	0	14.777777777777779
12	0	2.857142857142857
25	0	6.181818181818182
19	0	3.7
11	0	3.2222222222222223
19	0	7.166666666666667
60	0	8.722222222222221
14	0	3.0588235294117645
10	2	6.0
47	0	5.222222222222222
23	0	5.777777777777778
35	0	5.157894736842105
7	0	2.4
52	0	10.75
45	0	11.35
11	0	4.375
43	0	8.0
37	0	6.45
30	0	6.666666666666667
13	0	4.75
38	0	9.428571428571429
37	0	7.857142857142857
16	0	6.4
13	0	6.666666666666667
24	0	3.6315789473684212
10	0	3.909090909090909
13	0	3.7777777777777777
8	0	2.0
13	0	6.25
12	0	2.0
28	0	7.363636363636363
37	0	6.0
18	0	3.9
51	0	7.0
38	0	6.8
13	0	4.111111111111111
17	0	7.416666666666667
11	0	3.1538461538461537
20	0	5.666666666666667
34	0	7.555555555555555
40	0	6.043478260869565
51	0	10.421052631578947
13	0	1.75
11	0	3.6666666666666665
14	0	3.823529411764706
10	1	5.333333333333333
22	0	5.0
24	0	6.333333333333333
16	0	4.923076923076923
37	0	4.9
24	0	8.571428571428571
13	0	1.7857142857142858
25	0	5.0
14	0	3.263157894736842
12	0	1.5
34	0	4.8
11	0	3.0
37	0	4.2105263157894735
60	0	8.5
17	0	3.96
20	0	4.666666666666667
27	0	6.6923076923076925
36	0	5.8
38	0	6.5
27	0	3.3529411764705883
20	0	6.176470588235294
18	0	4.25
34	0	9.0
17	0	5.05
37	0	4.2105263157894735
22	0	4.222222222222222
19	0	7.222222222222222
14	0	4.5
7	0	2.6666666666666665
24	0	5.166666666666667
14	0	5.5
9	0	4.833333333333333
35	0	7.791666666666667
38	0	6.05
27	0	6.466666666666667
17	0	4.476190476190476
12	0	4.25
34	0	14.25
10	0	3.4285714285714284
13	1	5.923076923076923
13	1	7.0
7	0	2.6666666666666665
45	0	11.571428571428571
13	3	6.75
18	0	5.0
22	0	7.0
45	0	6.444444444444445
37	0	6.35
20	0	5.857142857142857
15	0	4.0
18	0	4.125
13	0	2.5833333333333335
37	0	12.0
14	0	4.368421052631579
22	0	8.3
48	0	5.208333333333333
13	0	2.588235294117647
25	0	7.56
27	0	5.318181818181818
34	0	6.642857142857143
41	0	6.3
10	0	3.8
37	0	4.52
19	0	5.333333333333333
37	0	6.555555555555555
22	0	3.933333333333333
5	0	1.75
36	0	11.714285714285714
16	0	5.230769230769231
34	0	8.333333333333334
9	0	3.0
7	0	1.9375
52	0	12.75
27	0	5.857142857142857
38	0	5.944444444444445
45	0	8.25
21	0	5.318181818181818
27	0	6.125
7	0	2.111111111111111
15	0	3.35
16	0	5.2
41	0	5.75
52	0	15.375
48	0	5.555555555555555
16	0	4.777777777777778
19	0	3.823529411764706
37	0	9.866666666666667
25	0	9.428571428571429
6	0	1.7333333333333334
19	2	9.8
44	0	7.117647058823529
26	0	4.888888888888889
44	0	6.75
70	0	10.5625
6	0	2.0833333333333335
20	0	5.916666666666667
52	0	8.266666666666667
16	0	5.947368421052632
20	0	3.3
14	0	5.166666666666667
25	0	5.111111111111111
17	2	7.5
32	0	5.458333333333333
26	0	5.173913043478261
25	0	3.111111111111111
15	0	3.625
42	0	5.909090909090909
22	0	3.5789473684210527
14	0	4.1
13	0	3.1538461538461537
7	0	3.6666666666666665
51	0	9.95
36	0	7.5
0	0	0.0
6	0	2.2
16	0	3.2
26	0	7.333333333333333
25	0	5.0
22	0	5.5
52	0	16.2
37	1	14.0
10	0	3.0476190476190474
17	0	5.478260869565218
13	0	3.533333333333333
52	0	6.130434782608695
14	0	3.9
16	0	4.0625
22	0	4.933333333333334
20	0	5.076923076923077
14	0	4.545454545454546
14	0	6.333333333333333
18	0	4.1
25	0	5.0
16	0	3.8333333333333335
10	0	4.285714285714286
17	0	2.7222222222222223
37	0	5.9375
6	0	2.625
13	0	1.7
17	0	3.95
50	0	11.583333333333334
10	0	3.1666666666666665
18	0	5.571428571428571
22	0	5.6923076923076925
44	0	12.25
16	0	2.6666666666666665
36	0	7.777777777777778
51	0	8.466666666666667
34	0	7.25
75	0	5.608695652173913
36	0	8.133333333333333
34	0	5.555555555555555
44	0	6.631578947368421
22	0	5.428571428571429
36	0	7.421052631578948
22	0	6.444444444444445
22	0	5.285714285714286
16	0	5.947368421052632
36	0	5.846153846153846
11	0	4.916666666666667
29	0	5.3
14	0	4.3
51	0	4.7
24	0	3.8
18	0	4.782608695652174
15	0	4.8
22	0	4.6
13	0	4.285714285714286
14	0	4.5
51	0	9.363636363636363
43	0	5.916666666666667
14	0	4.578947368421052
11	0	2.272727272727273
28	0	3.0833333333333335
35	0	4.434782608695652
75	0	9.444444444444445
11	0	2.888888888888889
13	0	3.857142857142857
44	0	5.0
15	0	4.125
43	0	7.321428571428571
8	0	2.75
11	0	3.3846153846153846
9	0	2.65
70	0	8.421052631578947
35	0	11.833333333333334
37	0	8.75
14	0	3.230769230769231
22	0	6.125
14	0	4.0
42	0	8.090909090909092
13	0	4.916666666666667
75	0	9.461538461538462
18	0	5.25
19	0	3.8
36	0	11.666666666666666
34	0	6.666666666666667
15	0	3.6875
22	0	4.888888888888889
16	0	5.2727272727272725
13	0	3.5
15	0	5.4
13	0	3.3333333333333335
51	0	8.12
16	0	3.125
6	0	1.9
7	0	1.8888888888888888
10	0	1.3870967741935485
9	0	4.0
45	0	15.571428571428571
18	0	4.882352941176471
28	0	6.357142857142857
15	0	6.461538461538462
26	0	5.75
40	0	7.153846153846154
25	0	4.8
20	0	5.363636363636363
20	0	5.25
17	0	5.260869565217392
18	0	5.071428571428571
34	0	7.708333333333333
8	0	3.4444444444444446
14	0	5.285714285714286
18	0	7.25
22	0	5.75
14	0	4.916666666666667
13	0	4.5
18	0	4.8
36	0	7.090909090909091
43	0	3.5384615384615383
14	0	4.2631578947368425
16	0	4.095238095238095
20	0	4.230769230769231
14	0	4.615384615384615
11	0	2.5
6	0	1.25
34	0	5.230769230769231
72	0	20.333333333333332
36	0	6.5
38	0	7.444444444444445
37	0	7.5
10	0	2.4444444444444446
4	0	2.0
14	0	3.45
12	0	3.4
14	0	3.7142857142857144
15	0	4.095238095238095
27	0	5.857142857142857
35	0	8.952380952380953
13	0	3.5714285714285716
22	0	7.882352941176471
22	0	6.571428571428571
15	0	5.0
12	0	4.9375
12	0	3.1739130434782608
15	0	4.7272727272727275
19	0	5.777777777777778
14	0	2.5294117647058822
28	0	5.588235294117647
13	0	4.5
10	0	2.9375
11	0	3.8
24	0	5.625
27	0	9.0
6	0	1.2
22	0	6.0
10	0	4.75
23	0	7.105263157894737
18	0	3.5833333333333335
50	0	17.4
15	0	5.416666666666667
27	0	5.65
28	0	4.1875
34	0	7.357142857142857
24	0	6.3125
6	0	1.2857142857142858
50	0	7.7
9	0	2.5
37	0	7.344827586206897
13	0	1.9166666666666667
21	0	5.866666666666666
13	0	2.642857142857143
22	0	4.25
12	0	5.333333333333333
27	0	7.809523809523809
20	0	6.466666666666667
12	0	3.7333333333333334
11	0	2.3333333333333335
19	0	6.214285714285714
11	0	3.5
36	0	4.793103448275862
52	0	9.222222222222221
13	0	3.909090909090909
37	0	8.625
51	0	6.24
15	0	4.944444444444445
20	0	3.6842105263157894
15	0	4.25
10	0	5.0
37	0	8.533333333333333
41	0	7.8
34	0	9.153846153846153
24	0	6.105263157894737
22	0	6.571428571428571
8	0	2.1333333333333333
36	0	5.411764705882353
17	0	3.65
21	0	4.052631578947368
51	0	5.28
20	0	5.4
35	0	4.391304347826087
38	0	9.5
6	0	2.466666666666667
24	0	4.851851851851852
34	0	11.444444444444445
13	0	3.8947368421052633
19	0	4.238095238095238
22	0	3.7916666666666665
14	0	3.3333333333333335
13	0	4.176470588235294
28	0	4.916666666666667
25	0	7.0
7	0	1.4
7	0	1.75
14	0	4.214285714285714
19	0	3.5
7	0	2.125
22	0	5.0
36	0	4.769230769230769
13	0	3.75
34	0	7.36
34	0	3.5384615384615383
27	0	4.4
15	0	3.9047619047619047
14	0	4.052631578947368
8	0	3.0
10	0	3.6
34	0	6.5
27	0	7.333333333333333
52	0	8.263157894736842
18	0	4.421052631578948
10	0	3.0
23	0	4.888888888888889
13	0	3.0
35	0	6.466666666666667
13	0	4.166666666666667
34	0	6.333333333333333
20	0	7.3076923076923075
45	0	7.538461538461538
41	0	6.041666666666667
22	0	3.3157894736842106
14	0	4.333333333333333
14	0	3.8461538461538463
36	0	8.533333333333333
13	0	3.3333333333333335
14	0	4.4
25	0	5.913043478260869
20	0	4.863636363636363
22	0	4.947368421052632
13	0	2.8
52	0	9.8
33	0	7.105263157894737
9	0	1.6
44	0	7.111111111111111
37	0	6.0
19	0	7.411764705882353
14	0	5.928571428571429
13	0	3.823529411764706
12	0	3.3333333333333335
13	0	3.076923076923077
20	0	4.0625
52	0	7.958333333333333
11	0	2.1666666666666665
18	0	3.533333333333333
19	0	7.0
22	0	3.6956521739130435
14	0	4.5
8	0	2.857142857142857
25	0	7.571428571428571
6	0	2.6
37	0	9.428571428571429
43	0	7.947368421052632
14	0	5.2105263157894735
25	0	8.0
11	0	3.923076923076923
14	0	3.625
14	0	5.571428571428571
16	0	2.3846153846153846
13	0	5.818181818181818
25	0	6.571428571428571
25	0	5.3
36	0	4.071428571428571
18	0	3.3076923076923075
13	0	5.333333333333333
45	0	6.764705882352941
11	0	5.125
34	0	10.428571428571429
10	0	3.0
13	0	5.148148148148148
8	0	1.4
9	0	2.5714285714285716
15	0	5.0
51	0	9.136363636363637
16	0	4.0
13	0	2.588235294117647
27	0	6.090909090909091
34	0	6.05
52	0	4.066666666666666
36	0	11.428571428571429
43	0	7.08
16	0	5.181818181818182
45	0	6.0
24	0	7.3076923076923075
44	0	7.2631578947368425
38	0	8.416666666666666
7	0	2.4166666666666665
34	0	5.8
17	0	7.125
13	0	3.5
19	0	7.090909090909091
34	0	5.933333333333334
6	0	2.142857142857143
24	0	3.8125
44	0	5.708333333333333
18	0	5.666666666666667
22	0	5.875
12	0	2.25
28	0	4.478260869565218
60	0	10.2
13	0	5.35
35	0	6.923076923076923
7	0	2.5
6	0	0.9375
14	0	4.454545454545454
28	0	5.7727272727272725
15	0	4.0
25	0	6.238095238095238
10	0	4.333333333333333
21	0	7.2727272727272725
38	0	10.083333333333334
14	0	4.125
16	0	4.722222222222222
27	0	5.842105263157895
10	0	2.933333333333333
14	0	3.0714285714285716
13	0	2.5454545454545454
10	0	3.125
20	0	5.076923076923077
37	0	10.541666666666666
14	0	5.2
7	0	2.875
34	0	7.3
11	0	3.8333333333333335
21	0	4.9375
13	0	4.111111111111111
28	0	5.3125
27	0	6.304347826086956
42	0	6.428571428571429
18	0	4.428571428571429
34	0	6.928571428571429
37	0	5.142857142857143
20	0	7.0
25	0	5.0
17	0	7.0
19	0	6.764705882352941
43	0	11.35
7	1	2.3333333333333335
20	0	5.636363636363637
17	0	3.0
15	0	3.2777777777777777
70	0	8.736842105263158
22	0	8.75
2	0	0.8
22	0	6.4375
14	0	7.111111111111111
50	0	8.8
13	0	2.8
44	0	7.176470588235294
44	0	11.636363636363637
15	0	5.533333333333333
13	0	3.9411764705882355
20	0	3.75
27	0	6.458333333333333
11	0	2.5
13	0	3.375
36	0	6.48
50	0	7.454545454545454
36	0	6.526315789473684
20	0	4.055555555555555
17	0	3.8
25	0	5.5
38	0	5.368421052631579
37	0	8.384615384615385
52	0	7.961538461538462
13	0	4.6875
22	0	2.875
37	0	10.5
6	0	1.3636363636363635
15	0	5.222222222222222
48	0	9.125
28	0	11.166666666666666
14	0	2.5
17	0	3.769230769230769
14	0	3.4705882352941178
13	0	3.076923076923077
41	0	7.25
17	0	4.111111111111111
10	0	2.2222222222222223
52	0	11.2
50	0	22.5
6	0	2.4
29	0	8.0
29	0	6.866666666666666
14	0	4.5
17	0	5.611111111111111
51	0	6.166666666666667
34	0	6.588235294117647
51	0	5.913043478260869
10	0	2.4
16	0	6.4
18	0	5.5
28	0	6.2727272727272725
10	0	3.75
22	0	7.066666666666666
52	0	6.904761904761905
36	0	4.6521739130434785
13	0	4.5
17	0	6.2727272727272725
20	0	3.4375
13	0	3.5
20	0	5.434782608695652
11	0	3.25
18	0	4.764705882352941
10	0	4.0
25	0	6.9411764705882355
50	0	7.0
25	0	7.148148148148148
15	0	6.846153846153846
13	0	4.25
22	0	3.0952380952380953
30	0	6.882352941176471
45	0	8.777777777777779
26	0	6.375
12	0	2.909090909090909
28	0	6.230769230769231
12	0	4.25
57	0	4.894736842105263
43	0	5.647058823529412
13	0	3.176470588235294
14	0	3.230769230769231
52	0	8.296296296296296
32	0	5.111111111111111
21	0	7.0
36	0	8.285714285714286
15	0	3.111111111111111
37	0	8.571428571428571
36	0	8.115384615384615
25	0	6.0
21	0	5.1923076923076925
31	0	6.4
37	0	11.75
32	0	6.833333333333333
43	0	8.631578947368421
20	4	12.0
15	0	3.5
50	0	7.608695652173913
21	0	3.8823529411764706
22	0	5.777777777777778
51	0	7.5
75	0	7.962962962962963
22	0	5.666666666666667
23	0	7.444444444444445
17	0	2.6153846153846154
24	0	6.5
36	0	6.380952380952381
37	0	5.0588235294117645
14	0	3.347826086956522
37	0	8.454545454545455
10	0	2.230769230769231
17	0	4.434782608695652
24	0	5.6875
27	0	5.6923076923076925
16	0	3.409090909090909
25	0	6.076923076923077
38	0	6.2631578947368425
15	0	3.090909090909091
15	0	3.5625
37	0	5.428571428571429
35	0	8.727272727272727
25	0	5.8
28	0	5.615384615384615
15	15	15.0
15	0	6.166666666666667
12	0	5.0
26	0	5.7368421052631575
19	0	5.333333333333333
18	0	7.666666666666667
9	0	2.5
13	0	6.833333333333333
16	0	7.5
14	0	3.88
9	0	4.5
38	0	7.95
60	0	9.928571428571429
7	7	7.0
22	0	5.454545454545454
75	0	12.88888888888889
20	0	5.291666666666667
13	0	3.888888888888889
34	0	6.833333333333333
4	0	1.6
12	0	2.875
16	0	5.0
34	0	6.842105263157895
37	0	7.363636363636363
14	0	4.428571428571429
35	0	3.4347826086956523
20	0	4.923076923076923
35	0	6.176470588235294
18	0	7.25
36	0	5.933333333333334
22	0	5.666666666666667
52	0	9.363636363636363
13	0	4.666666666666667
36	0	6.9523809523809526
13	0	2.1666666666666665
11	0	3.4
17	0	4.714285714285714
19	0	3.6153846153846154
15	0	5.25
51	0	10.222222222222221
15	0	6.416666666666667
38	0	7.333333333333333
11	4	7.8
20	0	7.636363636363637
34	0	8.545454545454545
21	0	5.7
52	0	14.636363636363637
14	0	4.545454545454546
20	0	4.071428571428571
22	0	4.277777777777778
28	0	9.125
16	0	5.454545454545454
22	0	4.133333333333334
25	0	4.533333333333333
14	0	5.625
38	0	9.2
34	0	5.655172413793103
26	0	3.6875
17	0	4.238095238095238
20	0	5.0
16	0	5.545454545454546
35	0	7.28
37	0	8.1
12	0	4.476190476190476
45	0	9.263157894736842
37	0	5.785714285714286
8	0	2.7058823529411766
15	0	4.764705882352941
13	0	5.8
75	0	11.777777777777779
7	0	2.2
22	0	4.434782608695652
24	0	5.0
13	0	4.565217391304348
12	0	3.0
6	0	2.4285714285714284
22	0	6.6
14	0	2.6
36	0	8.555555555555555
25	0	5.705882352941177
6	0	1.5
22	0	5.7
51	0	8.833333333333334
14	0	4.5
50	0	8.333333333333334
15	0	3.2222222222222223
19	0	5.0
15	0	2.380952380952381
27	0	3.142857142857143
17	0	3.5714285714285716
51	0	9.444444444444445
10	0	1.7
22	0	7.714285714285714
16	0	4.35
11	0	4.444444444444445
27	0	6.35
22	0	5.142857142857143
17	0	4.714285714285714
23	0	9.7
6	0	1.5
41	0	6.714285714285714
23	0	3.4
14	0	4.0588235294117645
14	0	6.4
13	0	2.7142857142857144
34	0	7.357142857142857
36	0	7.1875
7	0	2.3333333333333335
14	0	3.0869565217391304
7	0	2.111111111111111
44	0	6.866666666666666
43	0	7.8
15	0	5.2
37	0	5.315789473684211
6	0	2.0
10	0	2.857142857142857
37	0	9.444444444444445
7	0	2.4285714285714284
9	0	2.8333333333333335
52	0	9.26923076923077
18	0	5.0625
22	0	9.1
14	0	4.3125
25	0	5.7
37	0	6.117647058823529
34	0	6.391304347826087
17	0	3.5
29	0	4.0
20	0	5.666666666666667
19	0	6.3076923076923075
20	0	4.75
13	0	4.0
36	0	10.0
13	0	3.5238095238095237
14	0	3.4166666666666665
7	0	2.0
28	0	6.2727272727272725
15	0	4.428571428571429
13	0	4.166666666666667
44	0	5.055555555555555
16	0	4.2631578947368425
37	1	11.0
14	0	5.444444444444445
38	0	10.0
17	0	3.0555555555555554
50	0	5.857142857142857
6	0	1.9090909090909092
15	0	5.9
9	0	2.5
4	0	1.5
22	0	5.5
25	0	7.111111111111111
37	0	5.708333333333333
8	0	4.333333333333333
13	0	2.25
51	0	9.1
38	0	8.090909090909092
22	0	6.7
41	0	6.823529411764706
37	0	7.5
0	0	0.0
30	0	6.666666666666667
6	0	1.25
36	0	7.0
23	0	6.0476190476190474
72	0	7.705882352941177
14	0	4.6
7	0	1.7272727272727273
13	0	3.111111111111111
11	11	11.0
14	0	4.333333333333333
18	0	4.043478260869565
16	0	4.75
45	0	5.176470588235294
20	0	6.666666666666667
20	0	2.875
28	0	5.0
19	0	4.857142857142857
11	0	4.571428571428571
14	0	3.5789473684210527
36	0	6.666666666666667
21	0	4.5
12	0	3.1666666666666665
36	0	4.6
6	0	1.5555555555555556
21	0	4.666666666666667
12	0	5.333333333333333
10	0	3.4444444444444446
14	0	4.25
35	0	4.36
8	0	3.75
42	0	5.590909090909091
22	0	4.1
28	0	5.666666666666667
22	0	4.0
52	0	7.714285714285714
18	0	2.857142857142857
14	0	6.25
40	0	11.25
28	0	6.916666666666667
24	0	8.0
24	0	4.2105263157894735
15	0	5.153846153846154
34	0	8.2
22	0	6.8
13	0	5.0
43	0	18.0
34	0	5.947368421052632
50	0	6.5
37	0	6.666666666666667
8	0	4.333333333333333
36	0	6.958333333333333
8	0	3.6
10	0	2.625
13	0	2.1818181818181817
17	0	3.625
19	0	5.238095238095238
16	0	3.235294117647059
0	0	0.0
16	0	4.214285714285714
27	0	6.0
16	0	5.285714285714286
15	0	5.6
34	0	7.583333333333333
14	0	5.7272727272727275
37	0	5.8
38	0	6.7894736842105265
45	0	5.933333333333334
30	0	5.0
3	0	1.5
34	0	6.944444444444445
14	0	4.8
14	0	3.6
10	0	1.1538461538461537
19	0	4.95
41	0	5.333333333333333
34	0	5.434782608695652
19	0	4.684210526315789
8	0	2.2857142857142856
13	0	5.888888888888889
45	0	5.916666666666667
10	0	3.75
51	0	5.681818181818182
37	0	4.833333333333333
34	0	8.0
14	0	3.6666666666666665
34	0	4.8
34	0	5.521739130434782
34	0	5.947368421052632
20	0	5.785714285714286
14	0	2.0
13	0	4.909090909090909
8	0	2.6666666666666665
14	0	4.75
34	0	6.25
38	0	5.266666666666667
13	0	5.4
12	0	3.4166666666666665
16	0	4.0
35	0	8.333333333333334
20	0	5.083333333333333
10	0	4.0
14	0	2.0714285714285716
16	0	4.434782608695652
14	0	4.166666666666667
52	0	8.047619047619047
37	0	6.086956521739131
70	0	10.869565217391305
52	0	8.636363636363637
8	0	3.0
15	0	5.166666666666667
18	0	5.5
18	0	3.8181818181818183
52	0	7.65
20	1	8.142857142857142
20	0	3.066666666666667
39	0	9.652173913043478
16	0	3.0555555555555554
47	0	8.5
36	0	5.611111111111111
43	0	7.208333333333333
10	0	3.0
10	0	4.666666666666667
17	0	6.75
22	0	3.7222222222222223
8	0	1.6
13	0	7.833333333333333
44	0	9.142857142857142
22	0	5.2727272727272725
13	0	4.238095238095238
16	0	6.277777777777778
23	0	5.8
75	0	7.0
14	0	9.0
27	0	4.352941176470588
39	0	7.857142857142857
13	0	4.1
12	0	4.0
12	0	4.055555555555555
30	0	6.117647058823529
9	0	2.2142857142857144
16	0	6.5
10	0	4.857142857142857
16	0	5.916666666666667
25	0	5.461538461538462
36	0	5.416666666666667
34	0	8.363636363636363
42	0	6.0
52	0	8.947368421052632
28	0	3.7142857142857144
21	0	7.636363636363637
14	0	3.227272727272727
13	0	4.4
14	0	3.8421052631578947
13	0	5.0
13	0	3.0
25	0	5.823529411764706
34	0	10.142857142857142
27	0	6.25
22	1	10.333333333333334
17	0	4.5
13	0	4.55
37	0	6.3076923076923075
16	0	5.153846153846154
51	0	10.31578947368421
14	0	4.555555555555555
37	0	5.833333333333333
9	0	2.4285714285714284
36	0	9.941176470588236
30	0	5.857142857142857
45	0	6.266666666666667
37	0	13.533333333333333
16	0	5.333333333333333
24	0	3.8823529411764706
16	0	6.388888888888889
45	0	7.1923076923076925
13	0	5.444444444444445
25	0	4.25
20	0	6.2
7	0	1.75
15	0	5.647058823529412
13	0	3.9166666666666665
6	0	2.888888888888889
22	0	4.111111111111111
14	0	4.0
36	0	7.875
27	0	7.428571428571429
13	0	4.352941176470588
20	0	4.333333333333333
9	0	2.4166666666666665
4	0	1.0
28	0	5.066666666666666
51	0	7.32
22	0	6.590909090909091
75	0	9.058823529411764
28	0	4.75
6	0	1.6666666666666667
26	0	6.285714285714286
35	0	7.294117647058823
43	0	6.478260869565218
17	0	4.235294117647059
45	0	10.391304347826088
13	0	2.0
11	0	3.2
37	0	6.25
20	0	5.833333333333333
37	0	6.518518518518518
13	0	3.4166666666666665
1	0	0.1111111111111111
37	0	5.777777777777778
13	0	3.3529411764705883
20	0	4.653846153846154
34	0	7.090909090909091
19	0	5.722222222222222
7	0	2.0526315789473686
18	0	6.444444444444445
20	0	3.857142857142857
34	0	7.1
37	0	6.470588235294118
35	0	12.88888888888889
16	0	6.769230769230769
21	0	3.6842105263157894
16	0	5.4375
14	0	3.235294117647059
14	0	5.625
52	0	6.5
17	0	4.428571428571429
13	0	1.9090909090909092
10	0	3.0869565217391304
22	0	4.230769230769231
20	0	5.043478260869565
37	0	6.416666666666667
30	0	8.791666666666666
51	0	7.933333333333334
37	0	5.285714285714286
9	0	4.333333333333333
22	0	5.181818181818182
14	0	3.6818181818181817
16	0	4.181818181818182
17	3	10.666666666666666
24	0	3.888888888888889
14	0	5.285714285714286
14	0	3.8095238095238093
12	0	3.6666666666666665
17	0	5.615384615384615
22	0	7.615384615384615
9	0	3.875
44	0	8.705882352941176
27	0	4.92
14	0	6.0
13	0	3.2222222222222223
23	0	4.428571428571429
45	0	8.23076923076923
16	0	4.1875
39	0	15.285714285714286
20	0	5.28
45	0	7.538461538461538
37	0	8.416666666666666
17	0	7.0
18	0	3.0
14	0	2.3125
16	0	3.857142857142857
6	0	1.5
51	0	7.2727272727272725
14	0	4.074074074074074
21	0	5.533333333333333
34	4	11.0
34	0	6.45
38	0	9.333333333333334
22	0	6.555555555555555
52	0	9.5
36	0	5.125
10	0	3.375
37	0	6.541666666666667
14	0	3.6818181818181817
25	0	5.125
19	0	6.0
12	0	3.1666666666666665
6	0	1.8888888888888888
14	0	4.5
31	0	7.944444444444445
28	0	5.8
14	0	7.714285714285714
25	0	6.9
17	0	5.571428571428571
3	0	0.8571428571428571
3	0	1.0
13	0	3.2666666666666666
16	0	3.210526315789474
37	0	5.111111111111111
52	0	9.8
25	0	6.428571428571429
35	0	3.9166666666666665
23	0	3.0526315789473686
43	0	10.583333333333334
22	0	9.142857142857142
38	0	10.043478260869565
7	0	3.5
14	0	3.5294117647058822
13	0	2.375
15	0	4.818181818181818
33	0	5.5
13	0	3.933333333333333
41	0	7.461538461538462
18	0	4.375
34	0	7.466666666666667
34	0	7.888888888888889
10	0	2.1333333333333333
7	0	2.2
14	0	4.454545454545454
19	0	6.714285714285714
37	0	6.285714285714286
8	0	3.5454545454545454
14	0	4.0476190476190474
22	0	6.95
17	0	4.266666666666667
10	0	4.0
50	0	6.529411764705882
45	0	7.777777777777778
22	0	8.782608695652174
18	0	5.5
51	0	8.461538461538462
4	0	1.6666666666666667
10	0	4.357142857142857
10	0	2.5454545454545454
21	0	4.578947368421052
14	0	7.666666666666667
22	0	5.333333333333333
21	0	6.083333333333333
22	0	5.1
19	0	4.125
36	0	6.846153846153846
29	0	8.041666666666666
34	0	10.25925925925926
21	0	6.615384615384615
34	0	8.615384615384615
6	0	1.75
37	0	6.333333333333333
31	0	10.666666666666666
16	0	3.625
50	0	21.875
31	0	9.666666666666666
22	0	4.409090909090909
35	0	6.4375
45	0	7.647058823529412
6	0	1.0
16	0	5.615384615384615
14	0	6.3076923076923075
36	0	8.133333333333333
14	0	6.0
22	0	7.333333333333333
35	0	7.444444444444445
51	0	9.777777777777779
35	0	9.555555555555555
19	0	7.0
20	0	4.857142857142857
16	0	2.769230769230769
12	0	3.7
19	0	3.066666666666667
6	0	2.142857142857143
13	0	3.0588235294117645
20	0	5.764705882352941
10	0	3.75
18	0	4.0
35	0	5.619047619047619
14	0	3.2
41	0	5.545454545454546
13	0	4.75
22	0	9.25
51	0	9.666666666666666
19	0	4.882352941176471
14	0	2.473684210526316
14	0	6.875
27	0	8.333333333333334
10	0	2.625
16	0	5.8
51	0	6.411764705882353
13	0	4.615384615384615
13	0	3.8
22	0	6.962962962962963
20	0	7.2631578947368425
15	0	8.666666666666666
34	0	8.5
7	0	4.6
52	0	7.476190476190476
22	1	10.4
51	0	10.04
36	0	4.9
26	2	13.5
6	0	1.1666666666666667
22	0	7.428571428571429
19	0	8.0
16	0	2.9411764705882355
14	0	2.888888888888889
24	0	5.166666666666667
22	0	5.5
47	0	9.652173913043478
10	0	2.6
9	0	2.6363636363636362
43	0	8.3
42	0	5.428571428571429
17	0	4.125
37	0	6.894736842105263
13	0	3.2222222222222223
25	0	4.105263157894737
43	0	7.2631578947368425
16	0	3.588235294117647
28	0	6.363636363636363
34	0	4.357142857142857
51	0	7.75
13	0	3.9375
34	0	5.909090909090909
26	0	6.333333333333333
34	0	6.947368421052632
19	0	5.181818181818182
51	0	9.25
18	0	6.142857142857143
44	0	6.615384615384615
21	0	4.947368421052632
35	0	4.583333333333333
16	0	5.521739130434782
14	0	3.8333333333333335
16	0	5.130434782608695
13	0	2.909090909090909
20	0	3.5714285714285716
5	0	1.5
34	0	9.285714285714286
29	0	6.25
13	0	2.090909090909091
10	0	2.7142857142857144
10	0	4.0
21	0	7.176470588235294
13	0	3.4444444444444446
22	0	6.176470588235294
36	0	3.6363636363636362
36	0	6.52
27	0	7.44
38	0	6.470588235294118
15	0	3.6666666666666665
27	0	5.0
21	0	2.7857142857142856
21	0	5.235294117647059
32	0	11.909090909090908
8	0	3.0
13	0	4.0
23	0	4.2272727272727275
17	0	4.545454545454546
42	0	9.333333333333334
37	0	6.095238095238095
14	0	3.142857142857143
27	2	10.0
13	0	4.055555555555555
3	1	2.0
22	0	4.428571428571429
17	0	4.230769230769231
37	0	6.096774193548387
13	0	3.4444444444444446
18	0	5.285714285714286
13	0	3.6875
22	0	7.111111111111111
22	0	7.6
22	0	4.28
17	0	4.2
36	0	4.545454545454546
12	0	4.333333333333333
22	0	7.571428571428571
37	0	9.466666666666667
18	0	6.444444444444445
13	0	5.125
22	0	4.875
45	0	8.2
20	0	5.578947368421052
10	0	2.875
32	0	7.090909090909091
6	0	1.8888888888888888
34	0	7.285714285714286
42	0	5.68
18	0	4.619047619047619
13	0	3.0
13	0	4.125
21	0	5.631578947368421
15	0	5.111111111111111
17	0	4.6
18	0	3.5
15	0	5.181818181818182
24	0	6.045454545454546
20	0	4.0
37	0	6.304347826086956
52	0	6.714285714285714
22	0	5.25
43	0	8.875
14	2	7.285714285714286
50	0	12.7
8	0	1.7333333333333334
13	0	4.4
20	0	5.333333333333333
37	0	10.0
22	0	10.153846153846153
38	0	8.454545454545455
25	0	5.7
18	0	5.111111111111111
10	0	3.875
11	0	1.7857142857142858
33	0	5.8125
13	0	4.066666666666666
10	0	2.8181818181818183
32	0	8.8
15	0	5.769230769230769
14	0	4.0476190476190474
7	0	3.142857142857143
17	0	4.4
19	0	3.7142857142857144
1	0	0.3333333333333333
22	0	6.5
28	0	6.052631578947368
8	0	4.0
40	0	9.666666666666666
19	0	4.461538461538462
14	0	4.818181818181818
11	0	4.0
13	0	4.0
13	0	3.2666666666666666
17	0	5.705882352941177
38	0	7.48
16	0	2.3125
39	0	8.15
29	0	7.866666666666666
72	0	10.304347826086957
37	0	5.894736842105263
12	0	4.333333333333333
51	0	6.571428571428571
51	0	6.136363636363637
5	0	1.7142857142857142
48	0	8.625
37	0	4.9523809523809526
37	0	4.809523809523809
37	0	7.625
15	0	3.9166666666666665
18	0	4.041666666666667
16	0	5.5
34	0	6.75
45	0	6.9375
20	0	5.3
13	0	7.333333333333333
13	0	3.8333333333333335
18	0	3.1818181818181817
37	0	12.25
23	0	5.684210526315789
37	0	6.769230769230769
12	0	3.1052631578947367
42	0	6.8
37	0	5.518518518518518
36	0	8.428571428571429
52	0	8.75
27	0	7.533333333333333
10	0	3.857142857142857
6	0	1.5
14	2	7.6
15	0	6.444444444444445
14	0	2.0
37	0	12.4375
20	0	4.75
18	0	4.333333333333333
28	0	6.181818181818182
14	0	3.25
27	0	10.285714285714286
37	0	7.15
14	0	5.153846153846154
52	0	8.35
24	0	6.947368421052632
33	0	8.166666666666666
16	0	4.0
12	0	3.0
11	0	3.875
35	0	7.538461538461538
38	0	7.923076923076923
41	0	11.2
28	0	4.705882352941177
37	0	6.045454545454546
57	0	8.12
34	0	7.777777777777778
20	0	6.466666666666667
50	0	8.692307692307692
38	0	5.35
37	0	4.533333333333333
37	0	5.0
13	0	3.5
36	0	5.782608695652174
18	0	1.9411764705882353
22	0	9.25
22	0	6.083333333333333
26	0	5.611111111111111
60	0	13.333333333333334
13	0	3.888888888888889
20	0	6.666666666666667
3	0	1.0
44	0	8.266666666666667
37	0	9.333333333333334
19	0	4.555555555555555
16	0	6.142857142857143
7	0	1.9444444444444444
75	0	10.666666666666666
7	0	1.7777777777777777
4	0	1.6
32	0	8.61111111111111
37	0	5.333333333333333
27	0	6.777777777777778
33	0	7.6
19	0	5.363636363636363
34	0	7.833333333333333
27	0	4.888888888888889
51	0	4.409090909090909
20	0	5.714285714285714
25	0	5.291666666666667
13	0	2.8
14	0	3.230769230769231
13	0	3.8333333333333335
30	0	3.5238095238095237
10	0	4.666666666666667
37	0	5.0
51	0	7.619047619047619
45	0	9.34375
14	0	4.5
72	0	7.8125
36	0	7.857142857142857
15	0	3.5555555555555554
44	0	8.0
37	0	11.1
25	0	5.190476190476191
19	0	4.045454545454546
22	0	5.052631578947368
29	0	5.416666666666667
35	0	8.0
37	0	6.142857142857143
38	0	7.12
12	0	2.85
14	3	7.833333333333333
35	0	6.75
22	0	7.75
6	0	2.5555555555555554
7	0	2.9411764705882355
37	0	5.615384615384615
14	0	3.2222222222222223
35	0	5.666666666666667
25	0	6.368421052631579
22	0	5.125
15	0	4.846153846153846
22	0	5.4
6	0	1.8181818181818181
17	0	3.5
37	0	5.791666666666667
21	0	4.947368421052632
22	0	4.434782608695652
20	0	3.5384615384615383
38	0	6.090909090909091
20	0	6.363636363636363
16	0	3.9
20	0	5.888888888888889
18	0	4.285714285714286
35	0	3.933333333333333
20	0	2.9166666666666665
6	0	2.0
13	0	3.357142857142857
22	0	6.6
11	0	2.727272727272727
27	0	8.9
44	0	6.363636363636363
20	0	6.090909090909091
45	0	6.7
13	0	4.882352941176471
51	0	6.619047619047619
8	0	2.2222222222222223
15	0	4.666666666666667
25	0	5.571428571428571
14	2	5.857142857142857
17	0	5.235294117647059
17	0	6.0
6	0	2.0
14	0	1.75
10	0	2.6363636363636362
34	0	9.0
22	0	4.411764705882353
20	0	6.0
44	0	8.181818181818182
22	0	3.32
14	0	3.1
32	0	6.0
10	0	4.076923076923077
12	3	5.714285714285714
6	0	1.4166666666666667
15	0	7.2
16	0	6.7272727272727275
34	0	7.357142857142857
17	0	6.0
22	0	3.55
36	0	7.0
36	0	3.2941176470588234
12	0	4.0
14	0	4.545454545454546
38	0	10.578947368421053
48	0	5.6
52	0	8.38888888888889
16	0	4.642857142857143
40	0	8.666666666666666
20	0	3.1875
14	0	4.25
24	0	5.769230769230769
20	0	4.5
13	0	3.15
26	0	3.611111111111111
37	0	5.888888888888889
30	0	5.466666666666667
23	0	6.142857142857143
20	0	6.25
16	0	5.769230769230769
21	0	5.2
18	0	3.9565217391304346
13	0	3.7857142857142856
13	0	3.1818181818181817
20	0	5.363636363636363
15	0	3.3333333333333335
50	0	7.461538461538462
36	0	5.653846153846154
36	0	9.333333333333334
22	0	4.578947368421052
22	0	6.571428571428571
15	0	3.0
15	0	3.5
22	0	6.666666666666667
14	0	3.6
14	0	4.136363636363637
28	0	8.166666666666666
38	0	8.681818181818182
13	0	3.923076923076923
20	0	5.2
22	0	3.8181818181818183
22	0	6.173913043478261
14	0	4.384615384615385
19	0	3.4545454545454546
15	0	2.5625
25	0	5.25
44	0	9.4
12	0	1.7857142857142858
51	0	7.8
12	0	3.44
37	0	11.222222222222221
43	0	8.8
13	0	3.142857142857143
51	0	5.535714285714286
18	0	3.2857142857142856
15	0	4.3
14	0	2.727272727272727
50	0	9.411764705882353
16	0	4.25
33	0	6.956521739130435
24	0	6.666666666666667
41	0	5.208333333333333
22	0	5.666666666666667
13	0	5.1875
15	0	8.333333333333334
9	0	4.5
12	0	3.8823529411764706
40	0	8.428571428571429
22	0	8.272727272727273
12	0	3.533333333333333
16	0	4.2
37	0	7.5
13	0	4.714285714285714
19	0	6.642857142857143
14	0	3.0
37	0	8.227272727272727
38	0	5.7368421052631575
10	0	3.6666666666666665
24	0	5.32
43	0	5.5
52	0	8.125
32	0	8.0
60	0	7.625
14	0	2.526315789473684
52	0	10.1
18	0	3.6153846153846154
7	0	1.4
21	0	6.25
20	0	4.666666666666667
17	0	6.333333333333333
21	0	3.909090909090909
34	0	4.310344827586207
38	0	6.857142857142857
14	0	3.5789473684210527
15	0	3.5
22	0	4.5625
26	0	6.0
15	0	3.4782608695652173
35	0	5.266666666666667
15	0	3.4285714285714284
25	0	9.666666666666666
34	0	5.0476190476190474
14	0	3.0
18	0	6.55
