char_count	word_count	wordmean_len
100	12	7.333333333333333
126	21	4.904761904761905
54	9	5.111111111111111
35	7	4.142857142857143
125	23	4.478260869565218
63	8	7.0
109	19	4.7894736842105265
59	12	4.0
108	18	5.055555555555555
68	11	5.2727272727272725
127	27	3.740740740740741
108	15	6.266666666666667
80	12	5.75
127	20	5.4
50	9	4.666666666666667
75	13	4.846153846153846
127	22	4.818181818181818
134	25	4.4
80	11	6.363636363636363
115	21	4.523809523809524
90	13	6.0
139	25	4.6
37	7	4.428571428571429
138	11	11.636363636363637
74	10	6.5
138	22	5.318181818181818
159	14	10.428571428571429
79	7	10.428571428571429
139	25	4.6
132	25	4.32
119	20	5.0
39	8	4.0
59	11	4.454545454545454
128	19	5.7894736842105265
129	20	5.45
136	20	5.8
128	16	7.0
121	21	4.809523809523809
46	8	4.875
86	17	4.0588235294117645
98	11	8.0
126	27	3.6666666666666665
117	12	8.75
93	17	4.470588235294118
108	10	9.8
8	2	3.5
126	15	7.466666666666667
134	16	7.4375
102	14	6.357142857142857
63	12	4.333333333333333
100	20	4.05
83	13	5.461538461538462
92	19	3.8947368421052633
111	16	6.0
82	11	6.545454545454546
133	19	6.052631578947368
123	17	6.294117647058823
110	18	5.166666666666667
130	21	5.238095238095238
105	22	3.8181818181818183
138	27	4.148148148148148
101	18	4.666666666666667
113	17	5.647058823529412
124	18	5.833333333333333
74	14	4.357142857142857
134	24	4.625
100	18	4.611111111111111
138	24	4.791666666666667
131	19	5.894736842105263
117	14	7.357142857142857
40	8	3.875
98	11	7.909090909090909
84	11	6.7272727272727275
132	18	6.388888888888889
132	17	6.764705882352941
43	6	6.166666666666667
136	22	5.2272727272727275
123	20	5.15
139	21	5.666666666666667
54	8	5.875
56	9	5.333333333333333
119	14	7.571428571428571
122	23	4.3478260869565215
81	12	5.833333333333333
42	6	6.166666666666667
72	2	35.5
68	16	3.3125
83	6	13.0
81	7	10.714285714285714
48	8	5.125
87	17	4.117647058823529
113	19	5.0
76	12	5.333333333333333
137	17	7.117647058823529
132	23	4.739130434782608
85	12	6.166666666666667
84	13	5.461538461538462
40	5	7.2
34	7	4.0
106	20	4.35
77	17	3.588235294117647
81	14	4.714285714285714
138	24	4.791666666666667
97	16	5.125
87	13	5.6923076923076925
137	28	3.9285714285714284
139	24	4.833333333333333
90	14	5.5
191	26	6.384615384615385
44	6	6.5
132	24	4.5
82	9	8.222222222222221
86	14	5.214285714285714
95	13	6.3076923076923075
41	9	3.6666666666666665
16	3	4.666666666666667
78	11	6.181818181818182
80	14	4.785714285714286
114	15	6.6
173	20	7.7
99	8	11.5
140	22	5.409090909090909
67	9	6.555555555555555
50	11	3.6363636363636362
134	17	6.882352941176471
76	15	4.133333333333334
119	15	7.0
131	27	3.888888888888889
60	12	4.0
60	14	3.357142857142857
70	11	5.363636363636363
71	16	3.5
45	6	6.666666666666667
75	9	7.444444444444445
121	22	4.545454545454546
134	19	6.105263157894737
103	15	5.933333333333334
134	18	6.444444444444445
111	16	5.9375
41	6	5.833333333333333
80	18	3.5
65	14	3.7142857142857144
102	17	5.0588235294117645
22	4	4.5
51	10	4.2
94	19	3.9473684210526314
27	3	8.333333333333334
125	21	5.0
117	16	6.375
100	16	5.3125
110	15	6.4
76	2	37.5
155	27	4.7407407407407405
56	10	4.7
102	12	7.583333333333333
65	12	4.5
52	8	5.625
139	27	4.185185185185185
129	15	7.6
140	24	4.875
58	2	28.5
133	12	10.166666666666666
105	16	5.625
137	14	8.857142857142858
55	9	5.111111111111111
125	17	6.411764705882353
47	8	5.0
190	19	9.052631578947368
67	9	6.555555555555555
76	15	4.133333333333334
74	7	9.714285714285714
90	7	12.0
84	17	3.9411764705882355
62	9	6.0
171	14	11.285714285714286
106	18	4.944444444444445
70	11	5.454545454545454
29	6	4.0
39	6	5.5
72	12	5.083333333333333
129	20	5.5
42	9	3.7777777777777777
78	13	5.076923076923077
61	8	6.75
96	10	8.7
65	7	8.285714285714286
119	18	5.611111111111111
131	25	4.28
123	23	4.3478260869565215
129	25	4.16
127	21	5.095238095238095
75	13	4.846153846153846
100	19	4.315789473684211
95	15	5.4
138	23	5.043478260869565
140	21	5.714285714285714
87	11	7.0
80	9	8.0
77	11	6.090909090909091
141	19	6.473684210526316
127	22	4.818181818181818
73	15	3.933333333333333
140	25	4.64
17	3	5.0
52	7	6.428571428571429
106	12	7.916666666666667
80	10	7.0
174	26	5.730769230769231
59	6	8.833333333333334
133	26	4.153846153846154
24	4	5.25
75	14	4.428571428571429
129	23	4.608695652173913
124	12	9.416666666666666
131	18	6.333333333333333
33	6	4.666666666666667
117	14	7.428571428571429
106	12	7.833333333333333
144	11	12.090909090909092
48	5	8.6
98	15	5.6
108	17	5.411764705882353
76	11	6.0
81	16	4.125
133	20	5.7
66	11	5.090909090909091
47	9	4.333333333333333
124	21	4.9523809523809526
62	10	5.3
77	14	4.571428571428571
85	14	5.142857142857143
117	17	5.9411764705882355
90	15	5.066666666666666
67	11	5.181818181818182
73	9	7.222222222222222
61	11	4.636363636363637
119	21	4.714285714285714
140	13	9.846153846153847
43	8	4.5
46	8	4.875
117	13	8.076923076923077
130	23	4.6521739130434785
106	22	3.8636363636363638
65	9	6.333333333333333
61	13	3.6923076923076925
132	15	7.866666666666666
128	20	5.45
80	12	5.75
35	6	4.666666666666667
51	9	4.777777777777778
35	6	5.0
69	10	5.9
28	2	13.0
113	14	7.142857142857143
78	13	5.076923076923077
134	16	7.375
97	17	4.764705882352941
167	12	13.0
47	6	7.0
127	20	5.4
30	7	3.4285714285714284
98	19	4.2105263157894735
124	19	5.526315789473684
55	12	3.6666666666666665
71	12	5.0
132	18	6.388888888888889
112	10	10.2
92	16	4.8125
75	11	5.909090909090909
37	6	5.333333333333333
36	6	5.166666666666667
45	7	5.571428571428571
56	9	5.222222222222222
122	20	5.15
70	13	4.461538461538462
118	10	10.8
45	8	4.75
34	6	4.833333333333333
83	17	3.9411764705882355
73	11	5.636363636363637
84	13	5.538461538461538
52	8	5.5
131	22	5.0
126	22	4.7727272727272725
132	25	4.28
135	19	6.105263157894737
136	21	5.523809523809524
74	13	4.769230769230769
135	23	4.913043478260869
133	22	5.045454545454546
99	8	11.5
82	12	5.916666666666667
67	12	4.666666666666667
39	7	4.714285714285714
127	15	7.533333333333333
64	13	4.0
61	12	4.166666666666667
69	7	8.857142857142858
19	2	9.0
90	12	6.5
85	10	7.6
113	23	3.9565217391304346
131	19	5.842105263157895
139	26	4.384615384615385
119	15	7.0
122	21	4.857142857142857
133	21	5.380952380952381
12	3	3.3333333333333335
52	11	3.8181818181818183
96	16	5.0625
45	6	6.5
139	11	11.727272727272727
48	11	3.4545454545454546
76	15	4.133333333333334
109	23	3.782608695652174
82	10	7.3
110	11	9.0
41	8	4.25
106	19	4.631578947368421
123	22	4.590909090909091
133	22	5.045454545454546
63	11	4.818181818181818
241	14	16.285714285714285
111	19	4.894736842105263
130	23	4.695652173913044
78	7	10.285714285714286
47	9	4.222222222222222
127	21	5.095238095238095
119	22	4.454545454545454
38	7	4.571428571428571
136	20	5.8
132	7	18.0
81	10	7.2
42	6	6.166666666666667
33	6	4.666666666666667
66	11	5.090909090909091
136	22	5.2272727272727275
126	19	5.631578947368421
71	12	5.0
64	7	8.285714285714286
87	10	7.8
79	13	5.153846153846154
96	19	4.052631578947368
130	22	4.954545454545454
97	14	5.928571428571429
131	21	5.285714285714286
52	9	4.888888888888889
40	5	7.0
127	13	8.846153846153847
137	23	5.0
136	18	6.555555555555555
38	4	8.5
112	17	5.588235294117647
134	19	6.105263157894737
35	6	5.0
46	9	4.222222222222222
122	12	9.166666666666666
77	12	5.5
55	7	6.857142857142857
65	11	5.0
113	16	6.125
94	11	7.636363636363637
76	10	6.7
136	19	6.2105263157894735
80	12	5.75
127	23	4.565217391304348
49	6	7.166666666666667
39	7	4.714285714285714
51	8	5.5
121	19	5.421052631578948
42	7	5.142857142857143
136	22	5.2272727272727275
185	18	9.277777777777779
95	17	4.647058823529412
125	17	6.411764705882353
88	13	5.6923076923076925
86	13	5.6923076923076925
129	18	6.222222222222222
124	15	7.333333333333333
121	18	5.777777777777778
130	26	4.038461538461538
50	6	7.5
56	8	6.125
134	25	4.4
736	10	72.7
79	12	5.666666666666667
68	13	4.0
88	16	4.5625
138	18	6.611111111111111
85	15	4.733333333333333
73	13	4.6923076923076925
48	7	6.0
55	11	4.090909090909091
128	20	5.45
85	11	6.818181818181818
118	19	5.2631578947368425
79	11	6.181818181818182
92	17	4.470588235294118
84	10	7.4
133	28	3.7142857142857144
137	17	7.117647058823529
90	15	5.066666666666666
85	11	6.818181818181818
120	15	7.0
55	10	4.6
56	12	3.6666666666666665
82	13	5.384615384615385
118	18	5.611111111111111
118	14	7.5
50	7	6.285714285714286
41	5	7.4
90	10	8.0
39	6	5.666666666666667
38	5	6.8
44	10	3.5
117	17	5.9411764705882355
121	17	6.117647058823529
61	10	4.9
133	19	6.0
65	10	5.5
39	7	4.714285714285714
81	11	6.363636363636363
127	20	5.4
134	25	4.4
33	6	4.666666666666667
57	9	5.333333333333333
93	13	6.153846153846154
118	17	5.882352941176471
106	23	3.608695652173913
30	5	5.2
54	10	4.5
46	8	4.875
41	8	4.25
100	17	4.9411764705882355
116	7	15.571428571428571
85	13	5.615384615384615
47	7	5.857142857142857
58	11	4.363636363636363
128	15	7.533333333333333
50	8	5.25
135	13	9.461538461538462
121	21	4.809523809523809
115	17	5.823529411764706
126	20	5.35
120	16	6.5625
128	22	4.863636363636363
81	15	4.466666666666667
106	20	4.35
128	21	5.095238095238095
76	13	4.846153846153846
85	11	6.818181818181818
137	18	6.611111111111111
39	8	4.0
80	9	7.888888888888889
31	8	3.0
109	21	4.238095238095238
77	13	5.0
103	17	5.117647058823529
133	22	5.090909090909091
118	17	6.0
124	16	6.75
84	14	5.0
78	10	6.8
135	18	6.5
127	20	5.4
61	10	5.2
16	3	4.666666666666667
92	12	6.666666666666667
66	6	10.166666666666666
101	15	5.8
88	18	3.9444444444444446
126	16	6.9375
139	26	4.384615384615385
90	17	4.352941176470588
110	23	3.8260869565217392
50	6	7.5
12	2	5.5
74	16	3.6875
99	16	5.25
109	19	4.7894736842105265
57	4	13.25
130	18	6.222222222222222
115	23	4.0
133	24	4.541666666666667
131	20	5.55
44	8	4.625
67	10	5.8
50	6	7.333333333333333
105	18	4.888888888888889
129	16	7.0625
68	10	5.8
41	6	6.0
97	15	5.533333333333333
82	13	5.384615384615385
104	13	7.076923076923077
47	7	5.857142857142857
103	16	5.5
135	26	4.1923076923076925
115	16	6.25
79	10	7.0
31	5	5.4
74	11	5.818181818181818
22	6	2.8333333333333335
123	18	5.888888888888889
33	6	4.666666666666667
55	9	5.222222222222222
72	14	4.214285714285714
108	16	5.8125
54	9	5.111111111111111
88	15	4.933333333333334
65	14	3.7142857142857144
122	25	3.92
103	4	25.0
104	8	12.125
75	11	5.909090909090909
107	16	5.75
57	7	7.285714285714286
124	12	9.416666666666666
18	5	2.8
130	18	6.277777777777778
56	11	4.181818181818182
82	6	12.833333333333334
58	11	4.363636363636363
97	16	5.0625
136	17	6.9411764705882355
52	11	3.8181818181818183
88	12	6.416666666666667
51	7	6.428571428571429
70	10	6.1
76	13	4.923076923076923
94	8	10.875
50	8	5.375
91	16	4.75
79	13	5.153846153846154
114	13	7.846153846153846
134	23	4.869565217391305
78	10	6.9
37	6	5.333333333333333
82	16	4.1875
121	14	7.642857142857143
135	24	4.666666666666667
79	15	4.333333333333333
77	12	5.5
43	7	5.142857142857143
123	18	5.722222222222222
70	9	6.888888888888889
47	7	5.857142857142857
94	10	8.5
55	9	5.222222222222222
134	17	6.9411764705882355
67	7	8.714285714285714
85	12	6.166666666666667
66	12	4.5
54	10	4.5
73	14	4.214285714285714
77	14	4.571428571428571
13	2	5.5
87	10	7.7
108	13	7.384615384615385
123	20	5.2
38	7	4.571428571428571
114	20	4.75
124	16	6.8125
79	12	5.666666666666667
123	19	5.526315789473684
62	10	5.3
112	19	4.947368421052632
77	10	6.8
65	13	4.0
79	11	6.2727272727272725
130	27	3.8518518518518516
64	10	5.5
83	9	8.333333333333334
29	5	5.0
99	14	6.142857142857143
97	12	7.083333333333333
90	7	12.0
47	10	3.8
39	7	4.714285714285714
111	18	5.222222222222222
102	15	5.866666666666666
74	13	4.769230769230769
99	20	3.95
116	20	4.8
123	19	5.473684210526316
39	3	12.0
114	13	7.6923076923076925
133	22	5.045454545454546
140	17	7.294117647058823
133	19	6.052631578947368
36	7	4.285714285714286
80	12	5.666666666666667
38	9	3.3333333333333335
121	19	5.421052631578948
77	10	6.8
69	8	7.625
34	6	4.833333333333333
78	13	5.076923076923077
116	20	4.8
129	23	4.608695652173913
79	11	6.2727272727272725
111	10	10.1
65	9	6.333333333333333
16	3	4.666666666666667
53	9	5.0
30	5	5.2
109	14	6.857142857142857
56	10	4.7
37	8	3.75
133	19	6.0
64	1	64.0
35	8	3.5
119	11	9.909090909090908
117	23	4.130434782608695
54	6	8.0
96	6	15.0
131	16	7.1875
113	22	4.181818181818182
82	13	5.384615384615385
149	18	7.333333333333333
140	18	6.833333333333333
135	17	7.0
113	23	3.9565217391304346
66	7	8.571428571428571
75	12	5.25
49	7	6.142857142857143
94	5	17.8
137	21	5.523809523809524
113	18	5.277777777777778
78	15	4.2
60	6	9.166666666666666
128	4	31.25
105	17	5.235294117647059
63	13	3.923076923076923
78	13	5.076923076923077
45	7	5.571428571428571
127	16	7.0
101	18	4.666666666666667
85	17	4.0588235294117645
68	8	7.5
29	4	6.5
49	8	5.25
49	5	8.8
42	8	4.375
88	14	5.285714285714286
62	8	6.75
99	8	11.5
133	17	6.823529411764706
90	16	4.625
125	20	5.3
62	7	8.0
160	24	5.708333333333333
123	20	5.2
59	12	4.0
92	15	5.2
48	8	5.125
96	18	4.388888888888889
193	21	8.238095238095237
87	14	5.285714285714286
143	24	5.0
57	6	8.5
40	9	3.5555555555555554
44	6	6.5
115	23	4.0
101	10	9.1
73	13	4.6923076923076925
136	23	4.956521739130435
170	14	11.142857142857142
116	20	4.75
37	6	5.333333333333333
63	13	3.923076923076923
56	9	5.333333333333333
35	8	3.5
37	6	5.333333333333333
99	10	8.9
58	8	6.375
129	17	6.588235294117647
87	9	8.777777777777779
48	10	3.9
68	8	7.625
72	12	5.083333333333333
34	7	4.0
62	11	4.7272727272727275
57	10	4.8
66	14	3.7857142857142856
122	23	4.3478260869565215
123	20	5.2
84	14	5.071428571428571
84	10	7.3
73	12	5.166666666666667
38	6	5.5
47	11	3.3636363636363638
114	20	4.75
90	11	7.181818181818182
28	7	3.142857142857143
108	15	6.266666666666667
38	8	3.875
64	13	4.0
115	18	5.388888888888889
117	23	4.130434782608695
122	22	4.590909090909091
83	7	11.0
124	23	4.434782608695652
47	11	3.3636363636363638
134	17	6.882352941176471
62	5	11.4
69	15	3.6666666666666665
121	16	6.625
29	2	13.5
106	12	7.916666666666667
118	20	4.95
101	21	3.857142857142857
58	8	6.375
77	10	6.7
137	23	5.0
98	17	4.823529411764706
53	8	5.75
46	9	4.222222222222222
99	19	4.2105263157894735
56	6	8.333333333333334
123	11	10.272727272727273
42	7	5.142857142857143
115	16	6.25
77	13	4.923076923076923
135	18	6.5
92	18	4.166666666666667
72	13	4.615384615384615
30	6	4.166666666666667
77	9	7.666666666666667
95	23	3.1739130434782608
127	13	8.846153846153847
123	11	10.181818181818182
87	16	4.5
71	10	6.2
131	23	4.739130434782608
54	7	6.714285714285714
134	17	6.882352941176471
91	11	7.2727272727272725
85	11	6.7272727272727275
137	23	5.0
58	10	4.9
80	10	7.1
137	26	4.3076923076923075
28	4	6.25
88	18	3.9444444444444446
132	19	5.947368421052632
97	17	4.764705882352941
128	20	5.45
44	10	3.5
60	11	4.545454545454546
132	11	11.090909090909092
104	18	4.833333333333333
103	11	8.454545454545455
17	3	5.0
69	11	5.2727272727272725
62	13	3.8461538461538463
76	18	3.2777777777777777
87	13	5.769230769230769
102	12	7.583333333333333
136	19	6.157894736842105
93	16	4.875
127	20	5.35
70	12	4.916666666666667
143	12	11.0
133	21	5.380952380952381
56	12	3.75
52	10	4.3
127	20	5.35
64	11	4.909090909090909
76	11	5.909090909090909
30	4	6.75
94	17	4.588235294117647
69	11	5.363636363636363
79	15	4.333333333333333
45	7	5.571428571428571
137	25	4.52
39	7	4.714285714285714
55	8	5.875
72	9	7.111111111111111
119	10	11.0
83	13	5.461538461538462
89	15	5.0
140	18	6.833333333333333
64	13	4.0
129	24	4.416666666666667
70	11	5.454545454545454
111	20	4.6
25	5	4.2
116	15	6.8
54	11	4.0
76	16	3.8125
116	24	3.8333333333333335
140	13	9.846153846153847
121	26	3.6923076923076925
74	8	8.375
107	9	11.0
120	18	5.722222222222222
36	6	5.166666666666667
138	22	5.318181818181818
130	15	7.733333333333333
68	7	8.857142857142858
64	6	9.666666666666666
81	12	5.75
148	13	10.461538461538462
45	8	4.75
117	17	5.882352941176471
96	16	5.0625
116	13	7.923076923076923
91	17	4.411764705882353
44	8	4.625
92	18	4.111111111111111
83	8	9.5
133	21	5.333333333333333
63	7	8.142857142857142
119	22	4.409090909090909
98	14	6.0
53	7	6.714285714285714
123	12	9.333333333333334
27	6	3.6666666666666665
89	16	4.625
91	17	4.411764705882353
117	19	5.2105263157894735
64	12	4.416666666666667
125	22	4.681818181818182
132	20	5.65
158	26	5.115384615384615
127	24	4.333333333333333
42	7	5.0
127	12	9.583333333333334
97	12	7.083333333333333
130	20	5.55
111	14	6.928571428571429
113	25	3.56
120	16	6.5625
33	7	3.857142857142857
94	11	7.545454545454546
105	23	3.608695652173913
56	9	5.333333333333333
134	21	5.428571428571429
55	11	4.090909090909091
71	12	5.0
65	10	5.5
30	3	9.333333333333334
113	13	7.769230769230769
68	16	3.3125
131	21	5.285714285714286
59	11	4.454545454545454
132	19	6.0
62	10	5.3
71	13	4.538461538461538
104	12	7.666666666666667
82	10	7.3
46	10	3.7
106	15	6.133333333333334
119	20	4.95
169	15	10.266666666666667
124	22	4.636363636363637
120	18	5.722222222222222
131	22	5.0
97	18	4.444444444444445
132	26	4.115384615384615
98	15	5.6
119	17	5.823529411764706
145	22	5.590909090909091
85	13	5.615384615384615
99	14	6.071428571428571
56	11	4.181818181818182
62	7	8.0
124	8	14.625
39	7	4.571428571428571
40	6	5.833333333333333
135	20	5.75
75	14	4.357142857142857
131	21	5.285714285714286
40	9	3.5555555555555554
106	16	5.6875
92	14	5.642857142857143
73	11	5.7272727272727275
43	8	4.375
45	7	5.571428571428571
134	21	5.428571428571429
28	4	6.0
30	6	4.166666666666667
64	11	4.909090909090909
108	18	5.055555555555555
118	15	6.933333333333334
131	21	5.285714285714286
131	20	5.6
137	30	3.6
52	8	5.625
122	14	7.785714285714286
170	22	6.7727272727272725
85	12	6.166666666666667
131	23	4.739130434782608
25	6	3.3333333333333335
79	10	7.0
57	12	3.8333333333333335
82	13	5.384615384615385
133	23	4.826086956521739
42	8	4.375
87	11	7.0
132	18	6.388888888888889
69	11	5.2727272727272725
137	26	4.3076923076923075
116	21	4.523809523809524
31	6	4.333333333333333
124	19	5.578947368421052
94	22	3.3181818181818183
129	19	5.7894736842105265
111	19	4.894736842105263
132	14	8.5
91	16	4.625
91	15	5.133333333333334
64	9	6.222222222222222
83	10	7.4
128	20	5.45
116	13	7.923076923076923
109	19	4.7894736842105265
33	6	4.666666666666667
78	17	3.6470588235294117
103	14	6.428571428571429
71	13	4.461538461538462
122	20	5.15
111	15	6.4
68	13	4.230769230769231
72	7	9.428571428571429
48	8	5.125
106	18	4.888888888888889
38	4	8.5
132	21	5.333333333333333
12	2	5.5
55	6	8.333333333333334
69	12	4.75
83	16	4.25
37	6	5.333333333333333
131	28	3.7142857142857144
44	10	3.5
60	11	4.545454545454546
103	15	5.933333333333334
60	11	4.545454545454546
88	16	4.5
140	12	10.75
129	25	4.16
32	4	7.25
74	11	5.818181818181818
84	9	8.222222222222221
24	4	5.25
130	23	4.695652173913044
140	33	3.272727272727273
97	18	4.444444444444445
129	24	4.416666666666667
36	7	4.285714285714286
133	20	5.7
135	23	4.869565217391305
125	20	5.3
80	15	4.4
68	10	5.8
57	12	3.8333333333333335
75	14	4.428571428571429
84	12	6.0
57	6	8.5
94	10	8.5
83	15	4.6
127	22	4.7727272727272725
198	13	14.23076923076923
95	18	4.277777777777778
99	13	6.6923076923076925
134	18	6.444444444444445
98	11	7.909090909090909
69	7	8.857142857142858
153	26	4.923076923076923
58	12	3.8333333333333335
52	10	4.3
135	24	4.666666666666667
63	6	9.666666666666666
107	22	3.8636363636363638
61	10	5.2
144	12	11.083333333333334
71	13	4.538461538461538
56	4	13.0
97	12	7.083333333333333
125	20	5.3
97	11	7.909090909090909
132	17	6.764705882352941
93	13	6.230769230769231
197	25	6.88
128	18	6.111111111111111
111	14	7.0
56	9	5.222222222222222
47	8	5.0
133	24	4.583333333333333
88	15	4.933333333333334
103	12	7.666666666666667
206	14	13.785714285714286
134	23	4.869565217391305
86	9	8.666666666666666
79	6	12.333333333333334
58	11	4.363636363636363
99	13	6.6923076923076925
80	16	4.0625
72	10	6.3
114	11	9.454545454545455
63	10	5.4
133	12	10.083333333333334
138	27	4.148148148148148
115	17	5.823529411764706
133	24	4.583333333333333
107	18	5.0
122	21	4.809523809523809
92	16	4.8125
54	10	4.5
35	3	11.0
80	13	5.230769230769231
128	26	3.9615384615384617
39	6	5.666666666666667
90	10	8.1
86	17	4.117647058823529
130	13	9.0
68	11	5.2727272727272725
69	10	6.0
28	6	3.8333333333333335
33	8	3.25
125	21	5.0
104	14	6.5
113	10	10.3
30	6	4.166666666666667
89	13	5.923076923076923
104	16	5.5625
127	15	7.466666666666667
109	22	4.0
107	18	5.0
98	16	5.125
128	24	4.375
68	10	5.8
168	12	13.0
130	20	5.55
134	23	4.869565217391305
78	13	5.076923076923077
91	13	6.0
67	13	4.230769230769231
44	9	4.0
42	8	4.375
133	28	3.7857142857142856
109	17	5.411764705882353
136	18	6.555555555555555
45	8	4.75
102	15	5.8
82	10	7.3
143	25	4.76
82	9	8.222222222222221
123	22	4.636363636363637
123	20	5.2
50	9	4.666666666666667
116	23	4.086956521739131
95	14	5.857142857142857
105	17	5.235294117647059
130	26	4.038461538461538
93	16	4.875
174	21	7.285714285714286
39	8	4.0
133	18	6.388888888888889
130	23	4.695652173913044
26	4	5.75
105	12	7.75
38	4	8.75
32	7	3.7142857142857144
39	4	9.0
116	14	7.357142857142857
102	11	8.272727272727273
63	9	6.0
324	21	14.428571428571429
14	3	4.0
118	15	6.866666666666666
118	21	4.571428571428571
87	13	5.769230769230769
133	20	5.7
96	20	3.85
64	13	4.0
93	19	3.9473684210526314
140	24	4.875
59	9	5.666666666666667
53	7	6.571428571428571
50	6	7.5
138	16	7.6875
61	12	4.083333333333333
99	16	5.25
109	16	5.8125
81	15	4.4
128	15	7.466666666666667
62	11	4.7272727272727275
55	7	6.857142857142857
89	16	4.625
73	11	5.7272727272727275
26	5	4.4
18	3	5.333333333333333
102	16	5.4375
122	21	4.809523809523809
90	15	5.066666666666666
56	9	5.333333333333333
106	15	6.133333333333334
53	8	5.75
84	7	11.142857142857142
102	15	5.866666666666666
134	25	4.4
32	5	5.6
55	10	4.6
102	23	3.4782608695652173
99	14	6.142857142857143
76	12	5.333333333333333
104	15	5.933333333333334
91	11	7.2727272727272725
70	10	6.0
97	17	4.764705882352941
49	10	3.9
157	23	5.869565217391305
40	8	4.0
84	13	5.538461538461538
60	7	7.571428571428571
67	9	6.444444444444445
75	16	3.75
100	17	4.9411764705882355
150	24	5.291666666666667
90	13	6.0
105	19	4.473684210526316
26	3	8.0
110	18	5.166666666666667
69	14	4.0
47	7	5.857142857142857
46	6	6.833333333333333
50	7	6.285714285714286
64	12	4.416666666666667
119	27	3.4074074074074074
53	10	4.4
106	20	4.35
69	11	5.2727272727272725
123	22	4.590909090909091
67	12	4.666666666666667
44	9	4.0
112	20	4.65
108	10	9.8
70	11	5.454545454545454
12	3	3.0
93	18	4.222222222222222
120	19	5.2631578947368425
97	14	6.0
85	7	11.142857142857142
21	2	9.5
93	12	6.833333333333333
125	21	5.0
101	11	8.272727272727273
175	22	6.954545454545454
53	7	6.714285714285714
77	13	4.923076923076923
46	7	5.714285714285714
121	4	29.25
57	9	5.444444444444445
110	16	5.9375
84	10	7.5
117	19	5.2105263157894735
135	21	5.476190476190476
72	12	5.083333333333333
137	26	4.3076923076923075
135	24	4.666666666666667
88	15	4.866666666666666
134	15	7.933333333333334
33	5	5.6
19	4	4.0
56	9	5.333333333333333
101	11	8.272727272727273
95	10	8.5
93	16	4.875
117	11	9.636363636363637
67	6	10.333333333333334
122	2	60.5
82	15	4.533333333333333
85	11	6.818181818181818
82	17	3.8823529411764706
38	7	4.571428571428571
120	18	5.722222222222222
101	11	8.090909090909092
62	8	6.875
46	6	6.833333333333333
133	23	4.826086956521739
122	19	5.473684210526316
130	15	7.733333333333333
26	5	4.4
95	11	7.636363636363637
114	19	4.947368421052632
24	5	4.0
136	22	5.2272727272727275
138	24	4.791666666666667
65	11	4.909090909090909
74	15	4.0
47	10	3.8
110	16	5.875
45	7	5.428571428571429
135	18	6.555555555555555
80	11	6.363636363636363
77	12	5.5
35	5	6.2
118	20	4.9
60	11	4.545454545454546
136	23	4.956521739130435
97	14	6.0
136	18	6.611111111111111
112	18	5.277777777777778
88	13	5.846153846153846
36	4	8.25
130	22	4.909090909090909
119	17	6.0588235294117645
86	9	8.666666666666666
125	16	6.875
93	15	5.266666666666667
132	24	4.541666666666667
136	23	4.956521739130435
136	21	5.523809523809524
80	12	5.75
135	18	6.555555555555555
129	21	5.190476190476191
140	26	4.423076923076923
64	9	6.222222222222222
127	17	6.529411764705882
131	22	5.0
89	14	5.357142857142857
134	16	7.375
96	14	5.857142857142857
65	10	5.6
27	6	3.6666666666666665
189	20	8.45
127	22	4.7727272727272725
54	11	4.0
20	3	6.0
110	18	5.166666666666667
68	7	8.857142857142858
127	21	5.0476190476190474
32	5	5.6
38	3	12.0
49	10	4.0
57	10	4.8
15	3	4.333333333333333
138	25	4.56
107	18	4.944444444444445
118	14	7.5
139	21	5.666666666666667
124	23	4.391304347826087
32	3	9.666666666666666
80	3	26.0
65	7	8.285714285714286
42	9	3.7777777777777777
70	11	5.454545454545454
140	17	7.294117647058823
32	6	4.5
31	7	3.5714285714285716
140	27	4.222222222222222
87	16	4.5
40	6	5.833333333333333
130	25	4.24
94	15	5.333333333333333
103	15	5.933333333333334
323	10	31.3
131	21	5.285714285714286
134	25	4.4
81	14	4.857142857142857
125	19	5.526315789473684
121	23	4.304347826086956
127	16	7.0
132	21	5.333333333333333
15	3	4.333333333333333
109	14	6.857142857142857
70	12	4.916666666666667
95	12	7.0
124	23	4.391304347826087
115	13	7.923076923076923
64	10	5.5
87	18	3.888888888888889
133	12	10.166666666666666
48	8	5.125
110	10	10.1
127	24	4.291666666666667
134	22	5.136363636363637
62	10	5.3
40	6	5.833333333333333
61	7	7.714285714285714
122	15	7.133333333333334
56	8	6.0
137	18	6.666666666666667
107	15	6.2
113	15	6.6
66	10	5.7
56	4	13.0
125	21	4.9523809523809526
134	15	7.933333333333334
107	13	7.230769230769231
33	7	3.857142857142857
80	16	4.0625
60	11	4.545454545454546
119	16	6.25
109	12	8.166666666666666
78	15	4.2
66	9	6.444444444444445
94	10	8.5
66	15	3.466666666666667
130	20	5.55
59	11	4.454545454545454
110	20	4.5
122	22	4.590909090909091
96	14	5.857142857142857
118	23	4.173913043478261
38	8	3.875
80	15	4.4
115	16	6.1875
131	20	5.6
96	15	5.466666666666667
129	20	5.45
42	9	3.7777777777777777
127	19	5.7368421052631575
99	13	6.615384615384615
65	10	5.5
52	6	7.833333333333333
132	20	5.6
116	22	4.318181818181818
39	6	5.666666666666667
84	12	6.0
38	7	4.571428571428571
83	11	6.545454545454546
131	18	6.277777777777778
44	8	4.625
96	14	5.857142857142857
61	6	9.333333333333334
118	11	9.818181818181818
60	8	6.5
121	13	8.384615384615385
118	19	5.2105263157894735
61	7	7.714285714285714
113	14	7.142857142857143
130	21	5.238095238095238
38	4	8.5
45	8	4.75
121	27	3.5185185185185186
94	17	4.588235294117647
125	22	4.7272727272727275
85	9	8.444444444444445
66	12	4.583333333333333
94	14	5.714285714285714
42	7	5.142857142857143
139	24	4.833333333333333
178	16	10.125
53	7	6.714285714285714
47	4	10.75
68	11	5.2727272727272725
128	15	7.6
76	13	4.923076923076923
82	15	4.533333333333333
64	12	4.416666666666667
118	10	10.9
126	21	5.0
104	13	7.0
66	7	8.571428571428571
91	18	4.111111111111111
34	7	4.0
125	16	6.875
131	18	6.333333333333333
80	14	4.714285714285714
125	12	9.5
131	19	5.894736842105263
62	8	6.875
90	19	3.789473684210526
71	9	7.0
121	19	5.421052631578948
113	19	5.0
107	18	5.0
62	13	3.8461538461538463
44	9	4.0
107	12	7.916666666666667
60	8	6.625
37	7	4.428571428571429
92	13	6.153846153846154
82	12	5.916666666666667
46	7	5.571428571428571
138	27	4.148148148148148
60	10	5.1
158	19	7.315789473684211
44	10	3.5
100	19	4.315789473684211
35	8	3.5
120	16	6.5625
71	13	4.538461538461538
64	8	6.875
113	17	5.705882352941177
82	12	5.833333333333333
35	5	6.2
79	17	3.7058823529411766
137	28	3.9285714285714284
117	19	5.157894736842105
52	10	4.3
74	13	4.769230769230769
127	17	6.529411764705882
111	21	4.238095238095238
32	7	3.7142857142857144
108	18	5.055555555555555
113	18	5.277777777777778
75	11	5.909090909090909
125	16	6.875
83	17	3.9411764705882355
130	26	4.038461538461538
59	9	5.666666666666667
89	14	5.428571428571429
129	23	4.6521739130434785
132	18	6.388888888888889
62	12	4.25
104	14	6.5
78	11	6.181818181818182
121	19	5.368421052631579
124	18	5.944444444444445
132	22	5.0
120	21	4.761904761904762
58	10	4.8
111	20	4.6
95	13	6.384615384615385
56	12	3.75
48	6	7.166666666666667
91	17	4.411764705882353
83	11	6.636363636363637
125	23	4.434782608695652
103	10	9.3
69	13	4.384615384615385
67	14	3.857142857142857
72	9	7.111111111111111
88	12	6.416666666666667
94	12	6.916666666666667
128	20	5.45
38	7	4.571428571428571
55	10	4.6
16	3	4.666666666666667
77	10	6.8
144	12	11.083333333333334
30	6	4.166666666666667
82	15	4.533333333333333
119	18	5.611111111111111
140	26	4.423076923076923
62	8	6.875
86	19	3.5789473684210527
70	10	6.0
96	18	4.277777777777778
135	23	4.913043478260869
40	7	4.857142857142857
89	11	7.181818181818182
97	19	4.105263157894737
52	6	7.833333333333333
89	17	4.294117647058823
51	8	5.5
113	13	7.769230769230769
119	10	11.0
32	6	4.5
129	25	4.2
86	11	6.909090909090909
65	11	4.909090909090909
98	12	7.25
130	21	5.238095238095238
112	18	5.222222222222222
44	6	6.5
68	11	5.2727272727272725
36	7	4.285714285714286
129	17	6.588235294117647
113	13	7.6923076923076925
87	14	5.285714285714286
120	18	5.666666666666667
121	24	4.083333333333333
122	16	6.625
127	17	6.529411764705882
116	22	4.318181818181818
74	9	7.222222222222222
87	16	4.5
112	21	4.380952380952381
78	10	6.9
30	7	3.2857142857142856
136	21	5.523809523809524
134	21	5.380952380952381
19	4	4.0
59	13	3.6153846153846154
65	13	4.076923076923077
46	9	4.111111111111111
69	11	5.363636363636363
88	14	5.285714285714286
115	23	4.043478260869565
51	8	5.5
42	6	6.0
50	7	6.285714285714286
94	9	9.555555555555555
118	16	6.4375
122	13	8.384615384615385
60	9	5.777777777777778
88	15	4.933333333333334
103	11	8.363636363636363
123	13	8.461538461538462
113	17	5.705882352941177
35	4	7.75
128	25	4.16
90	18	4.055555555555555
138	23	5.043478260869565
121	21	4.809523809523809
91	17	4.352941176470588
112	21	4.333333333333333
122	21	4.809523809523809
132	21	5.285714285714286
133	26	4.153846153846154
116	19	5.157894736842105
107	18	5.0
50	7	6.285714285714286
131	22	5.0
112	16	6.0
139	23	5.086956521739131
128	18	6.166666666666667
17	2	8.0
139	19	6.368421052631579
63	13	3.923076923076923
95	14	5.857142857142857
95	9	9.666666666666666
80	13	5.230769230769231
38	2	18.5
75	11	5.909090909090909
89	11	7.181818181818182
106	13	7.153846153846154
105	8	12.125
58	10	4.8
133	19	6.0
109	6	17.333333333333332
106	18	4.888888888888889
91	13	6.076923076923077
79	10	6.9
57	7	7.142857142857143
90	17	4.352941176470588
89	13	5.923076923076923
129	27	3.814814814814815
138	19	6.315789473684211
128	24	4.375
111	13	7.538461538461538
97	12	7.166666666666667
72	12	5.083333333333333
82	14	4.857142857142857
33	7	3.857142857142857
136	15	8.133333333333333
131	22	5.0
64	12	4.416666666666667
75	9	7.444444444444445
133	22	5.090909090909091
73	12	5.166666666666667
130	25	4.24
125	22	4.7272727272727275
82	13	5.384615384615385
118	22	4.409090909090909
97	12	7.166666666666667
94	14	5.785714285714286
101	15	5.8
73	13	4.6923076923076925
49	8	5.25
45	6	6.666666666666667
59	9	5.555555555555555
95	11	7.7272727272727275
46	5	8.2
116	15	6.8
49	7	6.142857142857143
28	4	6.25
97	13	6.538461538461538
131	12	9.916666666666666
26	2	12.5
59	9	5.666666666666667
58	11	4.363636363636363
157	9	16.444444444444443
129	21	5.095238095238095
127	18	6.111111111111111
133	22	5.090909090909091
52	10	4.3
110	15	6.4
65	7	8.285714285714286
68	12	4.75
120	14	7.642857142857143
135	23	4.913043478260869
61	12	4.166666666666667
68	11	5.2727272727272725
115	20	4.8
116	15	6.733333333333333
136	22	5.136363636363637
133	20	5.7
131	21	5.285714285714286
78	10	6.8
133	22	5.045454545454546
32	6	4.5
148	17	7.705882352941177
132	17	6.764705882352941
122	2	60.5
227	15	14.133333333333333
42	6	6.166666666666667
74	12	5.166666666666667
138	23	5.043478260869565
46	10	3.7
102	18	4.722222222222222
55	12	3.6666666666666665
31	6	4.333333333333333
131	22	5.0
71	7	9.142857142857142
78	9	7.666666666666667
119	13	8.153846153846153
116	22	4.2727272727272725
69	12	4.833333333333333
76	15	4.133333333333334
64	11	4.909090909090909
135	10	12.6
94	17	4.588235294117647
33	7	3.857142857142857
131	20	5.5
139	19	6.368421052631579
132	22	5.0
140	22	5.409090909090909
47	8	5.0
99	19	4.2631578947368425
70	14	4.071428571428571
89	15	5.0
96	10	8.7
80	10	7.0
69	12	4.833333333333333
94	12	6.833333333333333
81	12	5.833333333333333
119	20	5.0
62	10	5.2
50	7	6.142857142857143
63	11	4.818181818181818
82	10	7.2
142	14	9.071428571428571
132	20	5.65
93	12	6.75
134	17	6.882352941176471
136	18	6.555555555555555
42	6	6.166666666666667
75	14	4.428571428571429
58	8	6.375
98	11	7.818181818181818
125	17	6.411764705882353
22	5	3.6
69	10	6.0
137	29	3.7586206896551726
127	22	4.818181818181818
65	11	5.0
106	18	4.888888888888889
114	17	5.764705882352941
57	7	7.0
111	21	4.190476190476191
74	12	5.25
74	8	8.375
99	12	7.25
115	22	4.2727272727272725
64	10	5.5
132	21	5.238095238095238
110	13	7.538461538461538
65	13	4.076923076923077
107	10	9.7
132	22	5.045454545454546
95	17	4.647058823529412
92	16	4.8125
187	14	12.428571428571429
32	4	7.25
39	8	4.0
47	6	6.833333333333333
37	6	5.166666666666667
85	12	6.166666666666667
112	23	3.9130434782608696
89	17	4.235294117647059
87	17	4.176470588235294
57	10	4.8
124	24	4.166666666666667
84	12	6.0
74	13	4.769230769230769
62	11	4.7272727272727275
113	18	5.277777777777778
52	9	4.888888888888889
124	22	4.681818181818182
52	9	4.888888888888889
132	26	4.115384615384615
90	14	5.5
113	13	7.6923076923076925
132	16	7.25
124	23	4.434782608695652
24	2	11.5
84	11	6.7272727272727275
115	17	5.823529411764706
59	11	4.454545454545454
80	14	4.785714285714286
62	7	7.857142857142857
69	14	4.0
83	16	4.25
80	8	9.0
36	6	5.166666666666667
70	12	4.833333333333333
133	22	5.090909090909091
130	24	4.458333333333333
128	18	6.166666666666667
150	21	6.190476190476191
73	10	6.4
32	4	7.25
124	22	4.681818181818182
52	9	4.888888888888889
54	11	4.0
117	16	6.375
76	14	4.5
30	4	6.75
24	5	4.0
80	13	5.230769230769231
111	13	7.538461538461538
124	12	9.333333333333334
93	17	4.529411764705882
73	13	4.6923076923076925
67	8	7.5
48	7	5.857142857142857
45	6	6.5
75	12	5.333333333333333
82	12	5.75
69	13	4.384615384615385
188	27	6.0
104	18	4.777777777777778
36	6	5.166666666666667
105	17	5.235294117647059
74	11	5.818181818181818
133	17	6.882352941176471
85	9	8.555555555555555
168	15	10.266666666666667
126	22	4.7727272727272725
40	9	3.5555555555555554
131	17	6.764705882352941
96	10	8.7
63	7	8.0
69	13	4.384615384615385
101	17	5.0
48	7	5.857142857142857
79	11	6.2727272727272725
107	13	7.3076923076923075
68	13	4.3076923076923075
86	17	4.0588235294117645
68	11	5.181818181818182
91	9	9.11111111111111
125	15	7.4
132	24	4.5
136	20	5.85
80	12	5.666666666666667
76	7	9.714285714285714
127	19	5.7368421052631575
105	10	9.5
135	16	7.5
78	19	3.1578947368421053
136	19	6.2105263157894735
107	13	7.3076923076923075
72	11	5.636363636363637
128	15	7.6
55	7	6.857142857142857
130	11	10.909090909090908
130	20	5.55
129	25	4.2
94	18	4.222222222222222
125	12	9.5
114	17	5.705882352941177
107	20	4.35
102	14	6.357142857142857
135	27	4.037037037037037
90	11	7.2727272727272725
25	5	4.2
88	12	6.416666666666667
135	25	4.44
129	21	5.190476190476191
113	16	6.0625
62	10	5.3
136	21	5.476190476190476
30	6	4.166666666666667
75	14	4.357142857142857
40	8	4.125
131	22	5.0
44	3	13.666666666666666
47	8	5.0
92	17	4.411764705882353
179	19	8.473684210526315
90	10	8.0
122	14	7.714285714285714
104	19	4.526315789473684
22	4	4.75
60	11	4.545454545454546
54	8	5.875
155	19	7.2105263157894735
169	20	7.5
116	20	4.8
77	11	6.0
50	12	3.25
32	3	10.0
93	16	4.875
103	17	5.117647058823529
49	9	4.555555555555555
124	17	6.294117647058823
44	6	6.5
41	5	7.2
61	11	4.636363636363637
52	8	5.5
41	7	5.0
91	12	6.666666666666667
57	11	4.2727272727272725
79	14	4.642857142857143
88	12	6.333333333333333
66	10	5.7
136	23	4.913043478260869
124	21	4.904761904761905
135	21	5.476190476190476
146	22	5.636363636363637
142	25	4.72
99	13	6.6923076923076925
138	18	6.722222222222222
126	13	8.692307692307692
70	7	9.0
140	22	5.409090909090909
29	6	4.0
120	20	5.05
118	22	4.409090909090909
89	14	5.428571428571429
52	6	7.833333333333333
74	12	5.25
89	15	4.933333333333334
129	25	4.16
114	22	4.2272727272727275
139	26	4.384615384615385
60	7	7.714285714285714
91	12	6.583333333333333
19	4	4.0
123	18	5.888888888888889
114	15	6.6
81	9	8.11111111111111
86	15	4.8
112	17	5.647058823529412
64	11	4.818181818181818
46	7	5.714285714285714
88	12	6.416666666666667
237	26	8.153846153846153
42	9	3.7777777777777777
101	14	6.285714285714286
88	16	4.5625
133	25	4.36
124	25	3.96
91	18	4.111111111111111
124	11	10.363636363636363
107	18	5.0
43	8	4.5
112	15	6.466666666666667
133	14	8.5
132	16	7.25
56	11	4.181818181818182
139	21	5.666666666666667
138	24	4.791666666666667
99	18	4.555555555555555
74	10	6.5
39	7	4.714285714285714
62	6	9.5
126	22	4.7727272727272725
62	11	4.7272727272727275
82	9	8.11111111111111
66	8	7.375
37	7	4.428571428571429
42	6	6.166666666666667
134	14	8.571428571428571
63	10	5.4
68	8	7.625
129	28	3.642857142857143
101	19	4.368421052631579
118	13	8.153846153846153
106	18	4.944444444444445
121	12	9.083333333333334
139	21	5.666666666666667
127	18	6.055555555555555
84	9	8.444444444444445
86	17	4.117647058823529
113	21	4.428571428571429
130	18	6.222222222222222
90	11	7.2727272727272725
98	22	3.4545454545454546
66	9	6.444444444444445
131	24	4.333333333333333
133	20	5.7
27	6	3.6666666666666665
121	21	4.809523809523809
134	15	7.933333333333334
69	9	6.777777777777778
85	13	5.538461538461538
108	13	7.384615384615385
89	19	3.6842105263157894
48	7	6.0
42	7	5.142857142857143
140	25	4.64
127	22	4.818181818181818
17	4	3.5
49	7	6.142857142857143
72	12	5.083333333333333
120	19	5.368421052631579
124	13	8.538461538461538
51	6	7.5
73	11	5.7272727272727275
130	20	5.5
47	8	5.0
102	17	5.0588235294117645
76	16	3.8125
86	11	6.818181818181818
78	11	6.090909090909091
77	16	3.875
63	8	7.0
33	7	3.7142857142857144
63	7	8.0
93	10	8.4
101	12	7.416666666666667
129	19	5.7894736842105265
128	16	7.0
49	9	4.555555555555555
79	12	5.583333333333333
51	7	6.285714285714286
103	15	5.866666666666666
131	21	5.285714285714286
88	14	5.285714285714286
72	8	8.125
84	9	8.444444444444445
81	8	9.125
85	14	5.142857142857143
117	13	8.076923076923077
120	20	5.05
48	10	3.9
66	12	4.5
84	12	6.083333333333333
135	16	7.4375
140	20	6.05
31	6	4.333333333333333
113	17	5.705882352941177
79	13	5.153846153846154
63	12	4.333333333333333
104	19	4.526315789473684
89	10	8.0
104	17	5.117647058823529
127	14	8.0
131	22	5.0
75	8	8.5
109	14	6.857142857142857
119	18	5.611111111111111
116	19	5.157894736842105
22	5	3.6
26	4	5.75
102	15	5.866666666666666
132	8	15.5
140	15	8.4
60	11	4.545454545454546
137	11	11.545454545454545
132	23	4.782608695652174
122	20	5.05
128	27	3.7777777777777777
128	18	6.111111111111111
140	20	6.05
36	7	4.285714285714286
51	6	7.666666666666667
59	8	6.375
27	3	8.333333333333334
93	17	4.470588235294118
165	19	7.7368421052631575
97	19	4.105263157894737
118	21	4.619047619047619
101	15	5.733333333333333
122	15	7.2
53	11	3.8181818181818183
121	18	5.777777777777778
141	13	9.846153846153847
69	7	8.857142857142858
38	7	4.571428571428571
75	6	11.666666666666666
85	17	4.0588235294117645
36	4	8.0
77	12	5.5
134	16	7.375
28	6	3.8333333333333335
47	8	5.0
40	7	4.857142857142857
98	10	8.8
93	11	7.454545454545454
132	23	4.782608695652174
83	18	3.6666666666666665
116	18	5.5
139	26	4.384615384615385
132	14	8.5
90	15	5.0
139	22	5.363636363636363
116	20	4.8
132	28	3.75
129	24	4.416666666666667
27	6	3.6666666666666665
135	21	5.476190476190476
51	5	9.4
133	20	5.7
91	13	6.076923076923077
41	9	3.6666666666666665
84	13	5.461538461538462
112	20	4.6
138	17	7.176470588235294
41	7	5.0
111	19	4.894736842105263
76	14	4.5
56	7	7.0
53	6	7.833333333333333
79	12	5.666666666666667
139	24	4.833333333333333
87	15	4.866666666666666
39	7	4.714285714285714
69	18	2.888888888888889
76	12	5.416666666666667
88	12	6.416666666666667
39	7	4.714285714285714
44	7	5.428571428571429
55	9	5.222222222222222
81	16	4.125
67	9	6.555555555555555
67	12	4.583333333333333
125	20	5.3
80	15	4.333333333333333
138	21	5.619047619047619
108	17	5.411764705882353
67	11	5.090909090909091
89	12	6.416666666666667
130	18	6.277777777777778
67	11	5.181818181818182
58	12	3.9166666666666665
82	13	5.384615384615385
127	21	5.0476190476190474
27	5	4.6
18	5	2.8
125	25	4.04
87	12	6.333333333333333
132	20	5.65
64	7	8.142857142857142
115	22	4.2727272727272725
48	6	7.0
128	17	6.529411764705882
28	7	3.142857142857143
115	18	5.444444444444445
115	13	7.923076923076923
63	11	4.7272727272727275
105	18	4.888888888888889
31	5	5.4
43	7	5.285714285714286
74	15	4.0
68	13	4.230769230769231
130	22	4.954545454545454
101	14	6.285714285714286
35	6	5.0
103	11	8.363636363636363
129	23	4.6521739130434785
70	9	6.888888888888889
73	13	4.6923076923076925
119	16	6.5
131	20	5.6
97	11	7.818181818181818
94	15	5.333333333333333
70	14	4.0
105	11	8.545454545454545
68	11	5.181818181818182
134	19	6.105263157894737
130	21	5.238095238095238
46	8	4.875
114	23	4.0
116	23	4.086956521739131
111	14	6.928571428571429
63	12	4.333333333333333
41	7	5.0
143	13	10.076923076923077
45	8	4.75
68	12	4.75
84	15	4.666666666666667
19	4	4.0
51	10	4.2
70	11	5.454545454545454
134	30	3.466666666666667
47	8	5.0
95	16	5.0
66	10	5.7
132	18	6.388888888888889
89	14	5.428571428571429
73	11	5.7272727272727275
57	8	6.25
67	12	4.666666666666667
135	21	5.476190476190476
33	8	3.25
140	19	6.421052631578948
130	21	5.238095238095238
140	22	5.409090909090909
85	11	6.7272727272727275
136	22	5.2272727272727275
101	20	4.1
37	8	3.75
101	16	5.375
130	17	6.647058823529412
136	20	5.85
126	13	8.615384615384615
73	14	4.214285714285714
90	12	6.416666666666667
88	10	7.8
105	19	4.578947368421052
100	21	3.8095238095238093
48	10	3.9
132	26	4.115384615384615
68	12	4.75
64	12	4.416666666666667
67	8	7.5
132	24	4.541666666666667
118	19	5.2105263157894735
69	12	4.75
79	9	7.888888888888889
91	15	5.133333333333334
97	20	3.9
129	17	6.588235294117647
48	5	8.6
92	8	10.5
67	9	6.555555555555555
122	14	7.714285714285714
111	8	12.875
63	13	3.923076923076923
70	9	6.888888888888889
49	8	5.25
53	11	3.909090909090909
132	25	4.32
37	6	5.333333333333333
38	7	4.428571428571429
103	12	7.583333333333333
50	10	4.1
120	7	16.285714285714285
109	18	5.055555555555555
130	18	6.277777777777778
89	14	5.428571428571429
88	15	4.933333333333334
51	8	5.5
62	9	5.666666666666667
62	12	4.25
80	17	3.764705882352941
111	20	4.6
76	12	5.333333333333333
69	10	6.0
70	10	6.1
137	17	7.117647058823529
109	11	8.909090909090908
93	14	5.714285714285714
24	3	7.333333333333333
41	5	7.4
119	21	4.714285714285714
69	8	7.75
83	13	5.461538461538462
140	20	6.05
71	11	5.545454545454546
113	22	4.181818181818182
128	19	5.7894736842105265
59	11	4.454545454545454
73	2	36.0
160	15	9.666666666666666
132	16	7.3125
53	8	5.625
55	10	4.6
34	7	4.0
99	13	6.6923076923076925
99	16	5.25
38	7	4.571428571428571
99	13	6.615384615384615
68	8	7.375
73	9	7.222222222222222
88	9	8.777777777777779
84	8	9.5
128	23	4.608695652173913
136	16	7.5625
103	12	7.583333333333333
124	15	7.333333333333333
70	9	6.888888888888889
180	18	9.055555555555555
81	20	3.1
84	13	5.538461538461538
121	16	6.625
67	13	4.230769230769231
78	11	6.181818181818182
122	18	5.777777777777778
36	7	4.285714285714286
119	21	4.666666666666667
42	5	7.6
133	17	6.882352941176471
107	16	5.75
190	13	13.692307692307692
127	15	7.533333333333333
66	13	4.076923076923077
30	5	5.2
133	22	5.090909090909091
78	9	7.666666666666667
61	14	3.4285714285714284
69	10	6.0
87	15	4.8
83	10	7.4
92	6	14.333333333333334
103	13	6.846153846153846
135	19	6.157894736842105
39	5	7.0
71	12	5.0
100	14	6.214285714285714
52	8	5.625
81	9	8.11111111111111
45	8	4.75
109	12	8.166666666666666
83	15	4.6
75	8	8.5
128	18	6.166666666666667
127	14	8.142857142857142
111	20	4.6
124	19	5.578947368421052
134	24	4.625
121	21	4.761904761904762
147	11	12.454545454545455
58	11	4.363636363636363
125	15	7.333333333333333
121	18	5.777777777777778
53	10	4.3
84	15	4.666666666666667
35	7	4.0
116	26	3.5
50	5	9.2
40	6	5.833333333333333
132	20	5.6
80	9	7.888888888888889
75	11	5.909090909090909
103	13	6.923076923076923
114	17	5.764705882352941
44	12	2.75
105	9	10.777777777777779
34	7	4.0
93	14	5.714285714285714
27	6	3.6666666666666665
125	20	5.3
60	12	4.083333333333333
99	13	6.6923076923076925
100	19	4.315789473684211
99	12	7.333333333333333
68	14	3.9285714285714284
78	12	5.583333333333333
48	9	4.444444444444445
51	7	6.285714285714286
75	11	5.909090909090909
63	7	8.142857142857142
47	5	8.4
49	6	7.333333333333333
104	18	4.833333333333333
110	13	7.538461538461538
13	2	6.0
153	26	4.884615384615385
108	18	5.0
133	16	7.375
109	14	6.857142857142857
58	8	6.375
122	16	6.6875
59	8	6.5
47	6	7.0
126	19	5.684210526315789
37	6	5.333333333333333
47	4	10.75
36	4	8.25
88	15	4.933333333333334
101	14	6.285714285714286
16	3	4.666666666666667
121	20	5.1
76	11	6.0
45	8	4.75
59	9	5.666666666666667
50	8	5.25
98	11	7.909090909090909
134	20	5.75
120	21	4.761904761904762
114	20	4.7
90	15	5.066666666666666
108	8	12.625
48	6	7.166666666666667
64	12	4.333333333333333
87	10	7.7
107	21	4.142857142857143
100	16	5.25
142	23	5.217391304347826
112	19	4.947368421052632
107	11	8.818181818181818
122	15	7.133333333333334
120	17	6.117647058823529
21	3	6.333333333333333
44	8	4.625
131	20	5.6
124	23	4.434782608695652
115	19	5.052631578947368
46	8	4.875
122	14	7.714285714285714
132	23	4.782608695652174
131	18	6.333333333333333
81	10	7.1
46	9	4.222222222222222
82	9	8.222222222222221
169	14	11.142857142857142
47	8	5.0
134	24	4.583333333333333
102	15	5.866666666666666
132	25	4.32
135	24	4.666666666666667
137	24	4.75
101	17	5.0
115	18	5.333333333333333
111	16	6.0
86	13	5.6923076923076925
131	17	6.647058823529412
120	15	7.0
136	27	4.074074074074074
55	8	5.875
57	8	6.25
54	10	4.5
66	9	6.333333333333333
61	8	6.75
54	5	10.0
135	24	4.666666666666667
123	19	5.526315789473684
82	15	4.466666666666667
134	21	5.380952380952381
98	12	7.25
19	4	4.0
48	7	6.0
79	13	5.153846153846154
52	9	4.888888888888889
82	7	10.714285714285714
69	6	10.666666666666666
27	7	3.0
86	13	5.6923076923076925
52	11	3.8181818181818183
125	17	6.411764705882353
122	19	5.421052631578948
119	21	4.714285714285714
43	7	5.285714285714286
152	12	11.666666666666666
75	9	7.333333333333333
22	6	2.8333333333333335
237	15	14.866666666666667
44	10	3.4
170	23	6.434782608695652
102	11	8.363636363636363
115	20	4.75
128	20	5.45
82	10	7.2
136	17	7.0588235294117645
120	20	5.05
139	21	5.666666666666667
70	8	7.75
72	6	11.166666666666666
94	12	6.916666666666667
35	4	8.0
31	7	3.5714285714285716
61	10	5.1
44	10	3.5
46	9	4.222222222222222
105	13	7.153846153846154
97	20	3.9
42	7	5.142857142857143
100	12	7.333333333333333
34	7	4.0
132	22	5.045454545454546
72	15	3.8666666666666667
47	9	4.333333333333333
164	14	10.714285714285714
91	18	4.111111111111111
125	22	4.7272727272727275
51	8	5.5
99	18	4.555555555555555
127	18	6.055555555555555
121	17	6.176470588235294
83	15	4.533333333333333
35	7	4.142857142857143
110	9	11.333333333333334
30	5	5.2
105	14	6.5
75	9	7.444444444444445
55	8	6.0
92	15	5.2
86	9	8.666666666666666
130	23	4.695652173913044
140	15	8.4
105	18	4.888888888888889
133	13	9.23076923076923
28	6	3.8333333333333335
50	8	5.375
16	4	3.25
132	21	5.333333333333333
138	23	5.043478260869565
102	18	4.722222222222222
47	5	8.4
114	9	11.777777777777779
117	17	5.9411764705882355
48	11	3.4545454545454546
102	13	6.769230769230769
40	5	7.2
113	20	4.65
106	18	4.944444444444445
154	8	18.375
35	3	10.666666666666666
136	18	6.555555555555555
36	6	5.166666666666667
97	19	4.157894736842105
62	9	5.888888888888889
22	5	3.6
64	14	3.5714285714285716
117	18	5.555555555555555
134	22	5.136363636363637
104	12	7.75
127	20	5.4
101	18	4.666666666666667
89	15	5.0
77	13	5.0
67	14	3.857142857142857
55	11	4.090909090909091
37	6	5.333333333333333
137	17	7.117647058823529
139	21	5.666666666666667
129	15	7.666666666666667
89	11	7.0
107	14	6.714285714285714
138	30	3.6333333333333333
36	6	5.166666666666667
70	10	6.1
114	15	6.666666666666667
70	13	4.461538461538462
66	11	5.090909090909091
41	7	5.0
118	23	4.130434782608695
62	12	4.25
89	12	6.5
130	23	4.695652173913044
76	14	4.5
94	15	5.333333333333333
151	22	5.909090909090909
66	14	3.7142857142857144
79	16	4.0
110	17	5.529411764705882
59	13	3.6153846153846154
116	19	5.157894736842105
48	9	4.444444444444445
98	18	4.5
95	13	6.384615384615385
94	10	8.4
51	10	4.2
119	20	5.0
60	7	7.571428571428571
131	13	9.153846153846153
92	14	5.642857142857143
118	19	5.2105263157894735
114	14	7.0
110	17	5.529411764705882
39	7	4.714285714285714
117	16	6.3125
53	10	4.4
63	12	4.333333333333333
125	17	6.352941176470588
105	12	7.75
139	18	6.722222222222222
140	11	11.818181818181818
84	18	3.7222222222222223
97	15	5.533333333333333
35	4	7.75
127	23	4.521739130434782
42	5	7.4
130	28	3.6785714285714284
46	5	8.2
85	12	6.166666666666667
135	17	6.9411764705882355
134	18	6.5
30	6	4.166666666666667
54	12	3.5833333333333335
106	13	7.153846153846154
119	16	6.5
62	8	6.875
164	21	6.809523809523809
54	11	4.0
83	9	8.333333333333334
80	8	9.125
59	9	5.666666666666667
32	5	5.6
91	11	7.090909090909091
84	16	4.3125
121	18	5.722222222222222
62	11	4.7272727272727275
135	20	5.8
35	4	7.75
35	6	5.0
135	21	5.476190476190476
75	14	4.428571428571429
60	10	5.0
64	8	7.0
216	21	9.333333333333334
38	8	3.875
39	7	4.714285714285714
99	17	4.882352941176471
78	14	4.642857142857143
73	13	4.6923076923076925
47	7	5.857142857142857
74	14	4.357142857142857
64	10	5.5
130	22	4.954545454545454
66	9	6.444444444444445
109	20	4.5
106	15	6.133333333333334
131	24	4.5
48	8	5.125
38	7	4.571428571428571
46	8	4.875
129	19	5.7894736842105265
89	11	7.181818181818182
98	13	6.615384615384615
139	17	7.235294117647059
75	10	6.5
136	13	9.538461538461538
126	18	6.055555555555555
122	18	5.833333333333333
80	13	5.230769230769231
86	14	5.214285714285714
40	6	5.833333333333333
58	7	7.285714285714286
86	13	5.6923076923076925
136	14	8.714285714285714
59	10	4.9
98	17	4.823529411764706
142	31	3.6129032258064515
73	6	11.333333333333334
42	6	6.166666666666667
125	16	6.875
130	14	8.285714285714286
108	15	6.266666666666667
140	20	6.05
85	13	5.538461538461538
95	20	3.8
51	7	6.428571428571429
87	16	4.5
30	7	3.4285714285714284
41	5	7.4
101	13	6.769230769230769
131	21	5.285714285714286
103	11	8.454545454545455
66	9	6.333333333333333
111	16	6.0
114	17	5.705882352941177
68	12	4.75
111	14	7.0
104	14	6.428571428571429
121	16	6.625
29	5	5.0
115	6	18.166666666666668
131	17	6.705882352941177
39	8	4.0
103	19	4.473684210526316
83	11	6.545454545454546
68	10	5.8
58	11	4.363636363636363
122	20	5.15
107	16	5.75
66	11	5.0
76	16	3.75
135	11	11.272727272727273
103	20	4.2
125	18	6.0
129	26	4.0
63	12	4.25
101	14	6.214285714285714
118	16	6.4375
75	11	5.909090909090909
20	4	4.25
122	21	4.857142857142857
96	14	5.928571428571429
75	14	4.428571428571429
73	9	7.222222222222222
84	14	5.071428571428571
121	14	7.714285714285714
203	27	6.555555555555555
109	9	11.11111111111111
68	11	5.2727272727272725
47	8	5.0
137	22	5.2727272727272725
125	16	6.8125
134	19	6.105263157894737
93	13	6.230769230769231
19	5	3.0
80	11	6.363636363636363
75	10	6.5
77	13	5.0
123	19	5.473684210526316
91	12	6.666666666666667
98	11	8.0
140	15	8.4
114	19	5.0
118	19	5.2631578947368425
131	21	5.238095238095238
117	18	5.555555555555555
134	25	4.4
60	12	4.083333333333333
110	11	9.090909090909092
136	26	4.269230769230769
50	9	4.666666666666667
102	15	5.866666666666666
116	20	4.8
98	22	3.5
140	18	6.833333333333333
104	13	7.076923076923077
75	8	8.5
56	8	6.125
101	10	9.1
58	5	10.8
98	11	8.0
84	14	5.071428571428571
118	14	7.5
38	8	3.75
88	13	5.846153846153846
102	10	9.2
132	25	4.28
121	10	11.1
107	15	6.0
131	21	5.285714285714286
128	17	6.529411764705882
77	6	12.0
61	10	5.2
58	11	4.363636363636363
88	12	6.333333333333333
106	12	7.833333333333333
100	19	4.315789473684211
25	4	5.25
116	15	6.733333333333333
128	18	6.111111111111111
74	15	4.0
41	6	6.0
122	21	4.761904761904762
134	26	4.153846153846154
78	13	5.076923076923077
122	24	4.125
131	19	5.947368421052632
41	6	6.0
80	10	7.0
68	11	5.181818181818182
78	9	7.666666666666667
67	9	6.555555555555555
123	23	4.391304347826087
121	18	5.777777777777778
126	19	5.631578947368421
132	17	6.823529411764706
123	25	3.92
134	19	6.105263157894737
90	10	8.1
43	9	3.888888888888889
82	15	4.466666666666667
84	17	3.9411764705882355
78	13	5.076923076923077
109	14	6.857142857142857
136	19	6.157894736842105
101	12	7.416666666666667
124	11	10.272727272727273
132	21	5.333333333333333
95	8	10.875
115	11	9.454545454545455
50	8	5.375
155	19	7.2105263157894735
105	18	4.888888888888889
36	4	8.0
27	7	3.0
39	5	6.8
40	7	4.857142857142857
114	19	5.052631578947368
100	19	4.315789473684211
115	20	4.8
81	13	5.230769230769231
84	15	4.6
36	7	4.285714285714286
71	10	6.1
88	10	7.9
37	7	4.428571428571429
148	17	7.705882352941177
94	11	7.636363636363637
96	13	6.384615384615385
108	13	7.384615384615385
87	17	4.117647058823529
36	7	4.285714285714286
40	7	4.714285714285714
88	4	21.25
129	26	4.0
132	14	8.5
107	5	20.6
108	16	5.8125
114	22	4.2272727272727275
104	22	3.772727272727273
97	16	5.125
148	21	6.095238095238095
105	19	4.578947368421052
139	15	8.333333333333334
35	7	4.142857142857143
126	23	4.521739130434782
73	10	6.4
93	11	7.454545454545454
93	12	6.75
115	16	6.25
85	11	6.818181818181818
98	11	7.909090909090909
99	11	8.0
99	16	5.25
28	4	6.25
46	10	3.7
101	15	5.8
43	4	9.75
127	9	13.222222222222221
131	24	4.5
88	11	7.090909090909091
40	7	4.857142857142857
57	8	6.25
140	21	5.714285714285714
105	19	4.578947368421052
92	20	3.65
135	25	4.44
135	18	6.555555555555555
184	11	15.818181818181818
121	21	4.809523809523809
136	18	6.611111111111111
49	7	6.142857142857143
127	21	5.095238095238095
35	6	5.0
101	21	3.857142857142857
70	11	5.454545454545454
38	6	5.5
118	15	6.933333333333334
109	18	5.055555555555555
117	15	6.866666666666666
93	8	10.75
87	8	9.875
102	10	9.2
80	10	7.0
117	24	3.9166666666666665
71	10	6.1
128	13	8.923076923076923
64	10	5.4
117	17	5.9411764705882355
94	16	4.9375
72	9	7.111111111111111
133	13	9.307692307692308
113	23	3.9565217391304346
136	18	6.611111111111111
48	6	7.166666666666667
138	25	4.56
131	21	5.238095238095238
60	11	4.545454545454546
71	11	5.545454545454546
58	8	6.375
83	16	4.25
101	19	4.368421052631579
71	9	7.0
115	21	4.523809523809524
126	10	11.7
128	15	7.6
86	18	3.8333333333333335
52	8	5.625
24	5	4.0
100	16	5.3125
66	9	6.333333333333333
126	20	5.35
36	5	6.2
123	11	10.181818181818182
93	11	7.545454545454546
84	15	4.666666666666667
100	14	6.214285714285714
63	8	7.0
114	21	4.476190476190476
130	14	8.357142857142858
156	21	6.476190476190476
129	24	4.416666666666667
130	21	5.238095238095238
121	15	7.133333333333334
129	17	6.588235294117647
112	20	4.55
41	7	5.0
130	19	5.894736842105263
50	11	3.6363636363636362
122	24	4.125
90	14	5.5
70	8	7.875
42	8	4.375
116	7	15.428571428571429
45	9	4.111111111111111
96	15	5.466666666666667
37	6	5.333333333333333
95	14	5.857142857142857
123	22	4.636363636363637
104	10	9.4
143	10	13.4
83	17	3.9411764705882355
79	9	7.888888888888889
127	13	8.846153846153847
53	10	4.4
65	8	7.25
23	4	5.0
60	8	6.5
92	15	5.2
133	21	5.333333333333333
108	17	5.352941176470588
113	18	5.333333333333333
93	15	5.2
126	22	4.7727272727272725
56	7	7.142857142857143
66	10	5.7
31	5	5.4
123	20	5.2
13	4	2.5
71	12	5.0
120	21	4.761904761904762
112	19	4.947368421052632
109	22	4.0
79	11	6.2727272727272725
91	14	5.571428571428571
39	5	7.0
101	22	3.6363636363636362
58	7	7.428571428571429
71	17	3.235294117647059
49	6	7.333333333333333
96	17	4.705882352941177
134	17	6.9411764705882355
121	24	4.041666666666667
90	13	6.0
56	8	6.125
168	15	10.266666666666667
137	15	8.2
49	9	4.555555555555555
79	15	4.333333333333333
74	8	8.375
125	26	3.8461538461538463
92	12	6.666666666666667
128	13	8.923076923076923
162	12	12.583333333333334
124	14	7.857142857142857
111	13	7.538461538461538
125	26	3.8461538461538463
123	17	6.294117647058823
57	8	6.25
115	20	4.8
54	6	8.166666666666666
103	14	6.357142857142857
130	25	4.24
96	15	5.466666666666667
140	24	4.875
83	15	4.6
82	15	4.533333333333333
129	21	5.190476190476191
96	18	4.388888888888889
22	5	3.6
119	14	7.571428571428571
133	23	4.826086956521739
101	10	9.1
96	13	6.3076923076923075
78	14	4.642857142857143
119	27	3.4444444444444446
76	9	7.555555555555555
69	9	6.666666666666667
79	9	7.777777777777778
52	5	9.4
129	21	5.190476190476191
101	13	6.846153846153846
137	20	5.9
44	11	3.090909090909091
139	7	19.0
168	19	7.7894736842105265
93	13	6.153846153846154
87	12	6.333333333333333
226	16	13.1875
73	10	6.4
93	18	4.222222222222222
127	18	6.111111111111111
96	9	9.666666666666666
85	11	6.7272727272727275
49	11	3.5454545454545454
125	24	4.25
74	13	4.769230769230769
6	1	6.0
41	6	6.0
112	17	5.588235294117647
123	15	7.133333333333334
48	9	4.444444444444445
28	6	3.8333333333333335
32	4	7.0
30	6	4.166666666666667
15	3	4.333333333333333
134	25	4.36
25	3	7.666666666666667
140	17	7.294117647058823
139	26	4.384615384615385
7	1	6.0
66	11	5.090909090909091
130	27	3.8518518518518516
136	20	5.85
50	8	5.375
73	10	6.4
40	5	7.0
105	13	7.153846153846154
96	19	4.105263157894737
119	19	5.2631578947368425
131	21	5.285714285714286
36	7	4.142857142857143
140	11	11.818181818181818
89	12	6.416666666666667
122	17	6.235294117647059
90	18	4.055555555555555
103	15	5.933333333333334
109	18	5.055555555555555
129	19	5.7894736842105265
67	12	4.666666666666667
101	21	3.857142857142857
112	13	7.6923076923076925
56	10	4.7
84	14	5.071428571428571
119	13	8.23076923076923
81	11	6.454545454545454
46	9	4.222222222222222
64	12	4.416666666666667
284	21	12.571428571428571
26	5	4.4
65	11	5.0
62	11	4.7272727272727275
105	16	5.5625
51	11	3.727272727272727
93	11	7.363636363636363
123	15	7.266666666666667
98	15	5.6
72	15	3.8
57	11	4.2727272727272725
84	14	5.071428571428571
94	15	5.2
56	7	7.142857142857143
58	9	5.444444444444445
135	29	3.6551724137931036
96	14	5.857142857142857
134	19	6.105263157894737
139	24	4.833333333333333
60	11	4.454545454545454
157	20	6.9
48	9	4.444444444444445
125	21	4.9523809523809526
131	18	6.333333333333333
100	14	6.214285714285714
109	15	6.333333333333333
100	17	4.9411764705882355
72	5	13.6
50	9	4.666666666666667
128	18	6.166666666666667
129	18	6.166666666666667
113	17	5.705882352941177
134	22	5.136363636363637
138	18	6.722222222222222
33	4	7.25
51	10	4.2
131	15	7.8
102	17	5.0
99	13	6.6923076923076925
48	6	7.166666666666667
73	10	6.4
125	19	5.578947368421052
110	17	5.529411764705882
61	6	9.333333333333334
136	17	7.0
91	9	9.11111111111111
133	18	6.444444444444445
124	10	11.5
94	14	5.714285714285714
49	9	4.555555555555555
81	9	8.0
130	17	6.647058823529412
101	19	4.368421052631579
95	7	12.714285714285714
129	20	5.45
102	20	4.15
137	17	7.0588235294117645
52	10	4.3
140	12	10.75
113	19	4.842105263157895
91	8	10.5
129	17	6.588235294117647
27	5	4.6
107	11	8.727272727272727
68	13	4.3076923076923075
101	12	7.5
94	9	9.555555555555555
127	23	4.521739130434782
78	9	7.777777777777778
136	12	10.416666666666666
69	8	7.625
82	15	4.533333333333333
137	13	9.615384615384615
89	11	7.181818181818182
43	7	5.285714285714286
128	26	3.9615384615384617
35	8	3.5
45	6	6.5
128	24	4.375
90	13	6.0
63	10	5.4
69	15	3.6666666666666665
52	9	4.888888888888889
98	17	4.823529411764706
121	20	5.05
101	17	4.9411764705882355
134	25	4.4
27	6	3.6666666666666665
71	13	4.538461538461538
117	14	7.428571428571429
41	8	4.25
45	10	3.6
141	18	6.888888888888889
79	12	5.666666666666667
54	8	5.875
123	22	4.590909090909091
65	13	4.076923076923077
113	10	10.3
103	10	9.4
116	19	5.157894736842105
37	6	5.333333333333333
57	9	5.444444444444445
49	9	4.555555555555555
126	15	7.4
136	27	4.074074074074074
254	6	41.5
66	10	5.7
117	14	7.428571428571429
31	6	4.333333333333333
37	6	5.166666666666667
68	9	6.666666666666667
133	23	4.782608695652174
27	5	4.6
127	13	8.846153846153847
131	28	3.7142857142857144
140	21	5.714285714285714
126	18	6.0
90	16	4.6875
34	8	3.375
69	6	10.666666666666666
34	6	4.833333333333333
48	8	5.0
69	13	4.384615384615385
114	19	5.052631578947368
113	17	5.705882352941177
87	15	4.866666666666666
115	11	9.454545454545455
131	16	7.25
5	1	5.0
95	11	7.7272727272727275
129	23	4.6521739130434785
132	22	5.0
106	17	5.235294117647059
48	11	3.4545454545454546
117	15	6.866666666666666
138	27	4.148148148148148
105	11	8.636363636363637
49	7	6.142857142857143
116	16	6.25
103	15	5.933333333333334
110	15	6.333333333333333
74	12	5.25
133	25	4.32
77	6	12.0
92	17	4.470588235294118
19	3	5.666666666666667
56	8	6.125
74	9	7.333333333333333
140	13	9.846153846153847
39	4	9.0
152	16	8.5625
69	7	9.0
132	18	6.333333333333333
64	12	4.416666666666667
83	13	5.461538461538462
116	13	8.0
28	4	6.25
55	12	3.6666666666666665
78	11	6.090909090909091
114	22	4.181818181818182
114	16	6.1875
130	24	4.458333333333333
49	10	4.0
87	15	4.866666666666666
75	14	4.428571428571429
42	6	6.166666666666667
130	19	5.842105263157895
81	6	12.5
43	6	6.333333333333333
23	5	3.8
116	23	4.086956521739131
23	5	3.8
64	8	7.125
84	8	9.625
86	15	4.8
153	18	7.555555555555555
87	14	5.285714285714286
17	2	8.0
100	15	5.733333333333333
47	9	4.333333333333333
136	26	4.230769230769231
104	19	4.526315789473684
47	12	3.0
62	10	5.3
108	19	4.7368421052631575
112	19	4.894736842105263
86	15	4.733333333333333
85	12	6.166666666666667
32	6	4.5
93	18	4.166666666666667
57	10	4.8
120	19	5.368421052631579
114	13	7.846153846153846
130	19	5.842105263157895
98	12	7.25
112	22	4.136363636363637
117	19	5.2105263157894735
54	6	8.166666666666666
46	8	4.875
82	12	5.916666666666667
49	7	6.142857142857143
123	21	4.809523809523809
130	23	4.695652173913044
36	6	5.166666666666667
79	15	4.266666666666667
128	24	4.375
135	20	5.75
130	16	7.1875
63	13	3.923076923076923
211	7	29.285714285714285
56	11	4.090909090909091
78	10	6.9
58	8	6.375
129	21	5.190476190476191
92	15	5.2
65	7	8.428571428571429
84	10	7.5
75	16	3.75
47	5	8.6
65	12	4.5
41	5	7.4
151	12	11.666666666666666
121	21	4.809523809523809
124	14	7.928571428571429
104	21	4.0
127	18	6.111111111111111
116	22	4.2727272727272725
130	22	4.909090909090909
85	14	5.071428571428571
55	12	3.6666666666666665
108	9	11.11111111111111
139	20	6.0
108	20	4.45
32	7	3.7142857142857144
125	12	9.5
126	23	4.521739130434782
121	15	7.066666666666666
110	22	4.045454545454546
99	18	4.444444444444445
110	24	3.625
101	10	9.1
33	6	4.666666666666667
42	7	5.142857142857143
113	18	5.277777777777778
114	12	8.583333333333334
31	6	4.333333333333333
38	7	4.571428571428571
90	11	7.2727272727272725
171	19	8.052631578947368
125	18	5.888888888888889
50	9	4.666666666666667
121	9	12.555555555555555
16	4	3.25
106	16	5.6875
107	21	4.142857142857143
99	10	8.9
111	14	7.0
139	17	7.235294117647059
97	14	6.0
84	11	6.636363636363637
55	10	4.6
64	7	8.142857142857142
88	11	7.090909090909091
79	13	5.153846153846154
81	11	6.454545454545454
53	9	5.0
136	15	8.0
95	18	4.277777777777778
77	11	6.090909090909091
70	11	5.363636363636363
132	20	5.65
88	15	4.933333333333334
104	16	5.5625
86	14	5.214285714285714
38	6	5.5
80	16	4.0625
37	7	4.285714285714286
83	16	4.25
36	6	5.166666666666667
28	6	3.8333333333333335
129	16	7.0625
81	13	5.3076923076923075
77	14	4.5
135	19	6.157894736842105
42	9	3.7777777777777777
106	15	6.133333333333334
101	17	5.0
107	17	5.352941176470588
70	10	6.0
81	14	4.785714285714286
67	15	3.533333333333333
152	16	8.5
112	14	7.071428571428571
114	14	7.142857142857143
133	25	4.36
55	9	5.111111111111111
57	8	6.25
59	9	5.666666666666667
69	8	7.75
106	14	6.571428571428571
84	12	6.083333333333333
63	6	9.666666666666666
73	9	7.222222222222222
134	25	4.36
79	16	4.0
48	7	6.0
115	18	5.444444444444445
91	14	5.571428571428571
72	12	5.083333333333333
89	9	9.0
87	15	4.866666666666666
113	23	3.9565217391304346
110	22	4.045454545454546
82	16	4.1875
92	13	6.153846153846154
66	8	7.375
52	4	12.0
119	17	6.0588235294117645
116	22	4.2727272727272725
84	16	4.3125
120	20	5.05
50	7	6.285714285714286
101	14	6.285714285714286
73	9	7.111111111111111
135	22	5.181818181818182
140	22	5.409090909090909
66	12	4.583333333333333
59	9	5.666666666666667
126	18	5.944444444444445
93	14	5.714285714285714
138	21	5.619047619047619
55	11	4.090909090909091
121	18	5.777777777777778
134	12	10.25
38	8	3.875
122	11	10.181818181818182
55	10	4.6
109	16	5.8125
50	9	4.666666666666667
75	13	4.846153846153846
118	14	7.285714285714286
81	16	4.125
123	17	6.294117647058823
39	8	4.0
115	18	5.388888888888889
83	14	5.0
60	10	5.1
112	19	4.947368421052632
80	13	5.230769230769231
131	23	4.739130434782608
61	8	6.75
121	25	3.88
99	12	7.25
89	12	6.5
62	9	6.0
92	8	10.625
132	19	5.947368421052632
62	11	4.7272727272727275
35	6	5.0
48	6	7.166666666666667
43	7	5.285714285714286
110	20	4.5
128	19	5.7894736842105265
128	22	4.863636363636363
70	13	4.384615384615385
105	15	6.066666666666666
70	16	3.4375
140	23	5.130434782608695
39	9	3.4444444444444446
122	15	7.133333333333334
126	11	10.545454545454545
126	25	4.08
119	15	7.0
35	7	4.142857142857143
112	23	3.9130434782608696
66	12	4.5
60	11	4.545454545454546
61	8	6.75
103	12	7.583333333333333
98	13	6.615384615384615
104	20	4.25
56	9	5.333333333333333
63	10	5.4
138	23	5.043478260869565
90	15	5.066666666666666
27	6	3.6666666666666665
126	19	5.684210526315789
68	11	5.2727272727272725
106	16	5.6875
37	6	5.333333333333333
98	15	5.6
117	13	7.846153846153846
155	23	5.782608695652174
130	22	4.909090909090909
127	20	5.4
111	21	4.333333333333333
105	16	5.625
71	6	11.0
69	6	10.666666666666666
87	18	3.888888888888889
94	19	4.0
38	7	4.571428571428571
74	12	5.166666666666667
35	6	5.0
52	7	6.571428571428571
19	3	5.666666666666667
108	15	6.266666666666667
123	19	5.526315789473684
57	8	6.25
91	15	5.133333333333334
33	7	3.857142857142857
185	11	15.909090909090908
132	10	12.2
129	21	5.190476190476191
36	7	4.285714285714286
129	23	4.6521739130434785
42	8	4.375
123	17	6.294117647058823
87	15	4.866666666666666
51	11	3.727272727272727
137	20	5.9
106	16	5.625
130	24	4.458333333333333
45	8	4.75
94	15	5.266666666666667
53	9	5.0
127	14	8.142857142857142
38	5	6.8
55	11	4.090909090909091
39	6	5.666666666666667
116	21	4.571428571428571
65	10	5.6
133	20	5.7
127	20	5.4
75	13	4.846153846153846
28	5	4.8
99	17	4.882352941176471
122	18	5.833333333333333
128	24	4.375
110	10	10.1
87	12	6.333333333333333
36	6	5.166666666666667
97	11	7.909090909090909
76	8	8.625
115	19	5.105263157894737
41	9	3.6666666666666665
96	17	4.705882352941177
132	24	4.541666666666667
93	18	4.166666666666667
44	5	7.8
70	13	4.384615384615385
128	24	4.375
122	29	3.206896551724138
128	24	4.375
82	13	5.384615384615385
41	3	13.0
57	12	3.8333333333333335
31	6	4.166666666666667
51	8	5.375
46	8	4.875
67	9	6.555555555555555
131	19	5.947368421052632
91	13	6.076923076923077
101	16	5.375
189	11	16.272727272727273
59	13	3.6153846153846154
54	12	3.5833333333333335
130	14	8.357142857142858
49	12	3.1666666666666665
31	3	9.666666666666666
107	17	5.294117647058823
46	9	4.222222222222222
55	9	5.222222222222222
105	18	4.888888888888889
35	6	5.0
104	13	7.0
113	19	4.947368421052632
108	11	8.818181818181818
47	6	6.833333333333333
117	14	7.428571428571429
106	17	5.294117647058823
40	8	4.125
66	8	7.375
106	18	4.944444444444445
92	9	9.333333333333334
119	22	4.454545454545454
75	12	5.333333333333333
65	12	4.5
91	15	5.133333333333334
102	17	5.0588235294117645
179	17	9.588235294117647
42	8	4.375
38	6	5.5
50	8	5.375
35	9	3.0
105	17	5.235294117647059
78	9	7.666666666666667
85	14	5.142857142857143
121	26	3.6923076923076925
96	19	4.105263157894737
37	6	5.333333333333333
47	8	5.0
32	4	7.25
123	21	4.904761904761905
30	5	5.2
129	23	4.6521739130434785
108	20	4.45
41	6	5.833333333333333
26	6	3.5
29	7	3.2857142857142856
47	7	5.857142857142857
121	13	8.384615384615385
106	13	7.230769230769231
84	11	6.636363636363637
60	7	7.571428571428571
132	23	4.6521739130434785
60	10	5.1
139	20	6.0
112	20	4.65
85	11	6.818181818181818
89	14	5.357142857142857
98	19	4.2105263157894735
61	9	5.888888888888889
107	17	5.352941176470588
128	17	6.529411764705882
92	17	4.470588235294118
90	11	7.2727272727272725
76	12	5.416666666666667
47	8	5.0
107	12	8.0
89	11	7.090909090909091
107	15	6.133333333333334
89	18	4.0
60	10	5.0
99	12	7.333333333333333
115	14	7.214285714285714
146	23	5.391304347826087
106	16	5.6875
136	18	6.611111111111111
129	20	5.4
43	6	6.333333333333333
117	20	4.85
88	9	8.88888888888889
46	7	5.714285714285714
58	8	6.375
95	13	6.3076923076923075
124	20	5.25
75	8	8.5
37	7	4.428571428571429
28	5	4.8
95	17	4.647058823529412
90	17	4.352941176470588
100	17	4.882352941176471
135	14	8.642857142857142
118	22	4.409090909090909
132	23	4.739130434782608
100	16	5.3125
112	13	7.615384615384615
64	7	8.285714285714286
109	15	6.333333333333333
104	16	5.5
66	11	5.090909090909091
57	9	5.444444444444445
89	17	4.294117647058823
140	19	6.421052631578948
117	18	5.555555555555555
99	17	4.882352941176471
102	21	3.9047619047619047
127	15	7.533333333333333
29	6	4.0
101	15	5.733333333333333
33	3	10.333333333333334
70	14	4.071428571428571
84	13	5.461538461538462
199	25	6.96
53	9	5.0
51	11	3.727272727272727
89	15	5.0
65	6	10.0
45	12	2.75
131	23	4.6521739130434785
117	17	5.9411764705882355
128	19	5.7894736842105265
46	6	6.833333333333333
35	7	4.142857142857143
73	15	3.933333333333333
40	8	4.125
39	5	6.8
103	7	13.714285714285714
121	20	5.05
119	19	5.2631578947368425
40	8	4.125
128	22	4.863636363636363
100	12	7.333333333333333
127	28	3.5714285714285716
128	24	4.375
125	16	6.8125
62	8	6.875
47	8	5.0
118	17	5.9411764705882355
58	9	5.444444444444445
59	11	4.454545454545454
36	6	5.166666666666667
94	10	8.5
131	20	5.6
113	15	6.6
125	22	4.7272727272727275
76	10	6.5
130	21	5.238095238095238
35	7	4.142857142857143
35	7	4.142857142857143
54	10	4.5
87	13	5.769230769230769
121	24	4.041666666666667
57	9	5.444444444444445
114	24	3.7916666666666665
59	13	3.6153846153846154
130	22	4.954545454545454
70	10	6.0
131	26	4.038461538461538
50	8	5.375
104	14	6.5
101	17	5.0
82	14	4.928571428571429
86	8	9.875
52	10	4.3
66	13	4.153846153846154
108	19	4.684210526315789
59	7	7.571428571428571
58	7	7.428571428571429
79	10	6.9
67	9	6.444444444444445
90	7	12.0
122	19	5.473684210526316
46	4	10.75
121	24	4.083333333333333
72	13	4.538461538461538
122	21	4.857142857142857
81	11	6.454545454545454
75	14	4.428571428571429
122	15	7.2
124	17	6.352941176470588
138	17	7.176470588235294
128	17	6.588235294117647
127	20	5.4
85	15	4.6
103	23	3.5217391304347827
113	18	5.333333333333333
54	11	4.0
96	12	7.0
128	18	6.166666666666667
51	7	6.428571428571429
124	16	6.8125
135	16	7.4375
137	18	6.611111111111111
50	8	5.375
72	11	5.636363636363637
130	18	6.277777777777778
47	8	5.0
125	20	5.3
97	15	5.533333333333333
102	19	4.421052631578948
32	6	4.5
57	10	4.7
56	9	5.222222222222222
48	8	5.125
133	19	6.0
58	12	3.9166666666666665
135	16	7.4375
97	20	3.9
130	24	4.458333333333333
35	7	4.142857142857143
68	12	4.75
99	14	6.142857142857143
42	4	9.5
122	9	12.555555555555555
26	5	4.4
43	9	3.888888888888889
79	8	8.875
81	15	4.466666666666667
99	20	4.0
112	19	4.894736842105263
127	21	5.095238095238095
114	12	8.583333333333334
76	14	4.5
105	14	6.571428571428571
59	13	3.6153846153846154
116	16	6.25
98	18	4.5
35	6	4.833333333333333
41	9	3.6666666666666665
117	15	6.866666666666666
64	7	8.285714285714286
88	13	5.769230769230769
82	13	5.3076923076923075
30	3	9.333333333333334
138	17	7.176470588235294
119	20	5.0
148	17	7.764705882352941
99	18	4.5
88	15	4.933333333333334
80	12	5.75
115	19	5.105263157894737
241	11	21.0
67	10	5.8
130	20	5.5
122	21	4.857142857142857
273	6	44.5
98	16	5.1875
132	22	5.045454545454546
130	17	6.647058823529412
55	9	5.222222222222222
55	6	8.166666666666666
48	9	4.444444444444445
31	3	9.666666666666666
73	14	4.285714285714286
36	6	5.166666666666667
62	9	5.888888888888889
33	6	4.666666666666667
127	12	9.666666666666666
133	24	4.583333333333333
60	9	5.777777777777778
38	5	6.8
118	19	5.2631578947368425
46	9	4.222222222222222
57	9	5.444444444444445
26	5	4.4
58	12	3.75
34	6	4.833333333333333
77	9	7.666666666666667
131	15	7.733333333333333
80	13	5.230769230769231
148	21	6.095238095238095
93	11	7.454545454545454
77	10	6.8
38	6	5.5
126	22	4.7272727272727275
52	6	7.833333333333333
112	15	6.466666666666667
124	22	4.681818181818182
139	29	3.8275862068965516
73	10	6.3
101	16	5.375
45	7	5.571428571428571
52	5	9.6
63	7	8.142857142857142
48	10	3.9
107	18	5.0
125	21	5.0
116	19	5.157894736842105
82	9	8.11111111111111
37	6	5.333333333333333
68	14	3.857142857142857
133	25	4.36
124	17	6.352941176470588
31	6	4.333333333333333
39	8	4.0
86	19	3.526315789473684
120	14	7.357142857142857
119	13	8.153846153846153
131	26	4.076923076923077
149	14	9.642857142857142
100	17	4.9411764705882355
95	17	4.647058823529412
78	7	10.142857142857142
65	13	4.076923076923077
133	25	4.36
120	8	14.125
43	11	2.909090909090909
133	21	5.380952380952381
101	19	4.368421052631579
126	20	5.3
108	13	7.384615384615385
131	19	5.947368421052632
131	22	5.0
120	14	7.642857142857143
51	9	4.777777777777778
119	20	5.0
100	12	7.416666666666667
81	12	5.833333333333333
57	6	8.666666666666666
78	14	4.571428571428571
93	15	5.266666666666667
73	9	7.222222222222222
64	10	5.4
130	22	4.954545454545454
62	11	4.7272727272727275
103	19	4.473684210526316
100	15	5.733333333333333
121	18	5.777777777777778
56	9	5.333333333333333
76	11	6.0
108	17	5.352941176470588
67	14	3.857142857142857
55	16	2.5
79	15	4.333333333333333
102	8	11.75
120	6	19.166666666666668
69	9	6.666666666666667
33	8	3.25
89	14	5.428571428571429
55	9	5.222222222222222
140	22	5.409090909090909
126	25	4.04
78	10	6.9
119	20	4.95
86	12	6.25
33	7	3.857142857142857
96	8	11.0
30	5	5.2
53	10	4.3
99	14	6.142857142857143
108	15	6.2
130	17	6.647058823529412
71	10	6.2
130	17	6.647058823529412
37	6	5.166666666666667
133	18	6.388888888888889
103	18	4.777777777777778
139	21	5.666666666666667
100	17	4.9411764705882355
73	14	4.285714285714286
145	29	4.0344827586206895
82	15	4.533333333333333
50	2	24.5
92	17	4.470588235294118
125	22	4.7272727272727275
140	17	7.294117647058823
132	11	11.090909090909092
96	13	6.384615384615385
99	12	7.333333333333333
42	4	9.5
104	16	5.5
132	25	4.32
66	8	7.375
129	21	5.142857142857143
92	13	6.153846153846154
71	11	5.545454545454546
125	21	5.0
57	9	5.333333333333333
86	10	7.6
129	23	4.6521739130434785
41	9	3.6666666666666665
128	14	8.214285714285714
50	7	6.285714285714286
51	10	4.2
109	17	5.411764705882353
44	9	4.0
70	10	6.0
130	22	4.954545454545454
37	4	8.5
108	20	4.45
103	13	7.0
31	5	5.4
122	22	4.590909090909091
127	21	5.095238095238095
80	12	5.666666666666667
117	22	4.318181818181818
101	13	6.846153846153846
109	20	4.5
124	15	7.333333333333333
129	15	7.666666666666667
74	15	4.0
139	24	4.833333333333333
48	9	4.333333333333333
47	10	3.6
135	21	5.476190476190476
140	22	5.409090909090909
88	11	7.090909090909091
66	7	8.571428571428571
71	11	5.545454545454546
124	17	6.352941176470588
82	12	5.833333333333333
127	22	4.818181818181818
80	13	5.230769230769231
133	21	5.380952380952381
92	9	9.333333333333334
91	15	5.133333333333334
33	6	4.666666666666667
31	4	7.0
81	16	4.125
53	7	6.714285714285714
61	11	4.636363636363637
99	12	7.333333333333333
130	17	6.705882352941177
75	12	5.333333333333333
128	21	5.095238095238095
84	13	5.461538461538462
89	15	5.0
126	18	6.055555555555555
117	19	5.2105263157894735
93	12	6.75
133	25	4.36
95	16	5.0
73	16	3.625
48	8	5.125
140	18	6.833333333333333
136	16	7.5625
52	10	4.3
93	10	8.4
39	5	7.0
125	20	5.25
58	10	4.8
41	6	6.0
90	7	11.857142857142858
134	27	3.925925925925926
137	17	7.117647058823529
111	15	6.4
66	11	5.090909090909091
108	13	7.384615384615385
35	6	5.0
125	21	5.0
67	14	3.7857142857142856
49	7	6.142857142857143
65	12	4.5
102	19	4.421052631578948
136	17	7.0
102	20	4.1
